65130
1091
29418
66904
2303
96555
1212
39674
68433
33965
82128
6478
13414
7587
26679
32730
30564
56759
71439
49297
38344
39843
38663
56431
36460
78466
36061
43362
80078
948
46066
45207
2039
75483
28463
20693
88389
29674
76718
56822
79990
75197
79651
93404
82783
6329
42485
29699
79440
30275
95347
17783
70117
50361
90566
22928
28827
42978
66289
25256
43926
12354
70463
62316
87837
15277
99360
92577
61302
76077
49398
41291
67626
45401
51046
50408
51729
93531
96458
47520
23805
91805
65303
10274
42165
72220
33201
87343
15197
99490
12599
75474
11843
99413
54141
16031
14689
53500
24960
75990
45929
90709
33632
13554
36109
84678
80313
87838
78208
76771
51709
2012
84927
17011
12285
43443
5582
45486
30786
37131
61327
43384
12604
89521
59148
83097
21904
73836
52948
46863
66177
98876
37571
99808
28781
73680
84485
25446
77869
62692
18568
29577
81056
3494
62940
9692
63288
68521
55177
94073
5651
32855
53808
34607
22376
12955
17703
44279
3142
87002
7493
85670
85878
45063
1830
31010
35094
86314
56455
12962
65358
91374
58891
62765
11219
21830
72456
74507
6702
27633
68579
28705
76839
38739
79663
99214
68045
13717
59844
87539
718
67336
73208
2947
12399
75037
33957
47492
77703
6763
76806
43060
98137
35696
22176
9355
73877
94631
83861
80578
38615
68792
25634
15454
23882
5296
14667
91926
19012
74511
79464
36082
58198
69024
39028
70596
44060
72984
34440
38114
96099
11245
97525
94235
63292
19700
19941
37168
14331
20154
34097
52945
88945
59731
68398
12826
81378
99417
21103
16742
90279
567
52823
48476
85942
91850
35424
46353
64834
69863
84467
77284
97459
81991
71518
60750
1691
7810
14269
32373
27963
48365
85317
33259
24447
70067
62436
5825
69483
83539
38918
59761
457
91740
8236
86398
83589
43659
32750
64774
29873
33568
42057
43683
15559
29926
20784
33601
37736
51404
65973
65698
99769
51289
15309
40567
21355
77744
62743
7189
61282
1660
66949
78090
93399
91537
80839
93340
51547
29941
58113
97772
63508
170
41454
79066
30095
78590
29018
84182
29993
94990
66232
46113
62631
81540
86680
337
59283
65774
7526
36917
67434
90826
15006
77184
82362
95845
70523
50261
25785
44988
48032
5644
61509
5837
84710
7955
84426
30079
92137
14419
25069
58368
60531
4051
39907
47210
4387
99189
12984
28264
36105
96769
35442
67463
90304
34155
79659
60827
84415
21795
22166
32446
27438
83674
38283
12147
91628
39060
42226
83764
53478
83646
58483
14009
4048
98389
77570
24786
13930
90553
53050
66386
3673
4843
33848
93977
38997
29858
71155
39764
51652
9672
88561
79090
93345
43195
7588
84972
82255
66165
85088
35732
49810
59922
49740
53857
58311
27310
78643
88592
34214
48044
54977
54239
52886
5177
64567
8234
35034
35721
47997
86686
45392
36558
65775
55088
79752
73362
56411
62006
55879
57850
14090
5688
17772
80181
75897
92434
7490
70891
81025
58056
35286
52353
28646
4523
57529
93212
12756
8915
45284
77105
95600
7027
13662
77726
62114
9765
67439
18524
88123
23317
76374
2212
45357
10497
82392
37605
2930
6234
8495
306
80641
43780
52658
9286
48302
26539
2497
77409
35453
64132
54513
47404
71158
84526
25129
33271
94291
8919
68146
98765
32236
60871
17328
93944
87719
16071
31548
90648
38656
56394
90953
19296
173
59963
44933
64826
86501
63781
42234
21953
27912
13099
69356
15421
97624
10836
48691
8266
19754
33189
7030
68341
10411
40709
62284
98130
56780
10183
5129
11787
66576
96082
31083
66748
72396
92367
47925
58896
56148
90159
80848
411
3257
66555
15832
17232
77390
80874
25498
13495
30414
48879
81836
40825
89588
44119
55306
62719
70654
60434
74505
37229
72867
5587
3977
45262
14306
68253
4157
70453
58411
1356
87215
78019
84262
3046
95251
61651
272
20748
75146
30685
85978
73333
87861
75565
33803
43166
38283
4456
19952
12788
41685
92818
34726
62013
54432
65383
30265
74940
52187
5028
92648
39402
83046
76909
58799
94648
38560
59070
31747
30057
89755
17725
3389
93967
93289
53543
37133
47924
57999
57084
77063
99683
66253
28140
61695
20684
93523
91959
95624
45709
13338
88271
85110
96384
81531
60261
91031
20090
19330
22778
66498
25436
56854
86238
19403
50142
39781
72887
14417
97779
29970
91479
13813
96222
19619
91859
33258
29493
169
45233
75201
13507
49855
76663
9890
31385
36923
17272
67827
72604
56401
50676
14392
13254
36914
33794
79748
93046
6680
94164
90824
53001
1995
20988
65574
21613
12846
15183
67457
13014
60415
42657
26520
26621
35671
36409
58006
88945
70033
42184
61549
26433
92859
75940
39687
46124
26085
35786
39169
49116
29949
29992
18468
31943
50979
84041
69907
80176
99224
37363
93190
75990
96372
19709
2611
32042
72470
76968
20987
42502
35503
98887
68934
28361
74826
24972
74485
17262
60757
13653
66377
7058
59997
84844
39000
27327
85236
25259
7503
811
78973
692
76801
75344
36752
95763
7386
9221
89082
44724
68074
24584
43610
53360
52944
34787
78331
43780
52048
55440
57433
34776
78849
33781
35971
34200
77459
21206
59458
84961
22017
38431
2004
15169
13774
55108
27283
37511
80680
16364
82234
48754
40947
25843
2113
10242
60629
96795
54022
29028
68586
27806
63803
47434
77938
99773
81634
55396
37331
41091
56709
75699
95873
75064
90867
9647
30171
18149
63509
10851
34512
45743
59604
91810
87937
78068
2051
48566
74862
72424
77593
43448
229
57748
90881
94518
57520
72514
49914
11202
29957
6622
86900
25829
98037
77766
51827
28208
12266
15336
55410
63129
77430
31365
54938
65366
9432
73341
13931
645
45764
7876
44092
62345
81975
51325
56862
39494
40190
23127
67048
86498
46100
53947
12327
44137
31713
80505
88696
60330
12192
44105
23459
89621
75469
94748
54987
1252
68088
85269
1896
30204
9496
45988
8900
91470
13664
82113
47316
70205
5240
14363
56703
51339
68309
85381
11827
16373
65885
522
76703
78077
44626
16513
67697
36446
11260
39035
37697
79348
24304
39593
25903
50151
1932
34802
41621
15595
16914
88936
85799
22153
19650
58853
89844
87958
44233
1670
20683
10118
18544
97385
4546
63169
13897
72242
15967
41508
27629
53663
37207
68284
93255
63109
18434
11538
14262
60054
43484
31176
65341
45635
69680
84990
4487
75875
72948
48720
93897
9982
75189
12440
7366
79734
91960
37614
68327
7926
79121
95955
61589
32680
64238
71195
95788
82672
82733
10050
59077
26216
57577
24418
71850
27256
9407
92689
19483
98706
41408
13379
8687
16596
25818
32404
96329
17777
70017
81007
42055
65490
76962
3643
98169
57551
91189
10308
40222
73921
36709
99299
16489
94285
40068
4690
37893
49474
97378
57375
64532
55137
70753
89570
88084
12922
21974
764
30698
8342
81771
89104
90183
75084
92746
4703
32634
83935
15011
89208
74207
51719
4858
7047
46004
44925
28089
248
10750
25466
57622
75281
96955
28374
64851
85038
41295
3176
85802
88344
11517
83924
77448
1700
59007
86545
22754
91640
86831
37764
80847
77390
5835
85704
84436
68190
30628
12524
68437
57730
54342
26058
33010
51296
70783
14212
52685
28429
33739
54838
33124
45256
38761
26923
63307
97767
13468
86060
89407
16650
40176
86605
94039
62362
72309
78475
30551
19288
7350
15339
77017
61691
41396
26379
29338
28530
56942
82023
56958
90681
53212
6433
52288
91973
33356
31946
6091
63175
34357
95497
79824
74532
98454
73863
36893
70762
68689
83795
6401
76038
99133
99770
54081
56880
42500
83418
85409
99441
81792
58718
6473
35004
65151
58760
43328
98506
90705
49418
61680
25062
61267
41503
15945
59720
31717
69190
46833
16757
52984
69585
92795
68469
69354
63227
25348
11853
62996
27109
27646
44788
85826
34118
96143
50976
9230
55822
49481
16286
5239
27512
57699
82857
85367
73644
42576
17083
59185
5760
33840
28520
75345
42986
96988
44698
6212
38688
72903
69207
65796
548
30346
51621
51017
42840
2597
60246
98661
68429
92884
20252
12293
50582
3108
97659
24225
62036
31093
99761
67795
64932
28281
43139
24269
41620
4189
46832
80307
77091
32391
46102
93990
79088
97723
61358
21928
16671
37956
36940
1451
30839
73543
13743
81420
93003
11401
21997
55038
42494
21757
22832
23777
66389
82323
48046
8009
86511
11229
88315
79953
43619
34417
90294
22707
48491
51651
60986
65161
5958
97925
82963
36796
87820
96706
34568
80822
24458
56564
35859
66951
94672
75042
7080
61061
73716
71477
85421
60226
82705
73735
56530
26324
24503
63175
65382
89345
14826
26367
54505
37135
40643
53820
73931
28462
50525
8498
25635
74982
81413
61493
58285
76084
52887
65364
53496
26602
36840
55268
3180
19544
29003
76061
62219
69857
39236
27600
59202
70413
53966
30058
7547
10961
83877
97829
55774
34401
6326
81409
25735
4090
59253
84019
96526
12139
49382
50021
55093
2573
5289
74624
22116
50643
50684
84335
36851
6271
28286
96052
76683
98604
26110
582
9564
26338
98410
65337
77091
21088
46745
2825
25177
5998
3195
21702
34488
52576
88075
5932
71500
9715
80555
93615
76709
31239
94301
13559
53861
38939
25963
30544
37542
68424
47477
47105
94761
45886
28793
71851
83325
75538
91027
8502
97887
94221
46555
48726
63148
34629
54658
34647
44343
35212
44614
37403
82802
55266
50962
36663
94204
76924
83558
31745
45347
31034
95201
56459
93271
23994
28310
76596
99531
19336
85097
13769
29909
31651
62494
93056
82632
33503
27703
43326
68715
72316
80729
67868
43933
48042
4530
38137
24965
88087
69881
86663
35472
81434
43121
28743
5427
87782
5338
21309
7118
6786
35077
37026
54788
13922
46433
37419
47425
74135
80745
32491
62802
77825
358
6735
25866
4888
61223
67182
9326
47455
53844
44798
28888
13316
73540
34314
1098
95229
55622
8215
2014
7050
61592
56801
20972
8024
10572
84748
98511
7668
17238
77664
85492
17595
750
27709
38834
61972
94890
48160
25779
65085
9309
54666
78400
82848
5332
79497
78076
60953
87711
96441
68003
65654
69593
5326
90030
80164
90073
4892
87831
23662
82555
89674
57608
99657
17382
96442
77980
12271
60953
3758
77355
70261
74776
55755
53108
80107
51603
47535
41059
55666
60327
25413
21319
29919
47090
27700
10083
53514
32591
97913
77175
31498
87587
34783
31154
21320
47576
25485
33591
8528
29243
27297
78788
20370
99403
48247
476
51006
12133
57886
6671
72459
83299
44341
2377
46740
72041
28811
254
20983
43076
93780
68832
47014
44914
99985
68333
92489
41822
1923
17368
87416
45572
96155
7785
61326
60753
8260
12331
72885
66145
35353
45343
65795
79694
64072
12535
68086
92882
29140
5420
35957
39271
74252
82970
537
90588
51303
9377
32409
69577
26745
19824
31500
39251
27608
92826
4
52219
5156
72888
34716
56861
18231
510
36554
98654
29396
20991
91535
74887
26410
43844
30510
17013
43165
31046
7601
94467
40422
40009
80396
67166
76185
11895
6417
20144
4720
6420
72363
26228
79307
23430
83088
13889
40291
35993
28894
69687
73335
20429
60925
16096
80624
91434
33109
23788
22479
40709
34607
62901
97069
15002
46418
89605
43248
52834
9749
64320
75605
98463
6899
71264
21892
89986
1504
62182
42330
30398
48220
32016
50826
9145
48111
47801
16930
97571
71588
39409
54631
6194
18661
51700
37547
65078
41304
80795
34264
67404
61466
9868
65866
68364
97483
4109
74701
98987
66291
17030
29384
30862
65397
80209
40006
29859
28009
73288
27430
15948
12696
82060
22142
47708
33759
76040
12785
91415
56834
63400
58818
18299
89620
41036
86662
87102
45144
61362
86088
11434
94743
15471
58648
76491
12031
15005
6350
56391
88292
33779
72339
987
15838
10832
65046
65949
86871
77831
73715
60057
57582
32532
78355
47201
73567
81369
34303
18711
59082
20390
46496
70177
35861
5143
46667
47891
20148
53016
4282
8439
86794
92972
25778
18984
3803
90823
84932
90673
85005
74998
67081
42587
7529
45436
89787
97448
43156
40441
32510
18589
60831
79005
88765
13043
500
51784
60933
36999
4799
81566
61789
7945
74537
3918
43280
94691
11093
44563
1716
12449
19560
68796
55035
27088
30583
61174
40887
73738
1614
73396
8679
78796
68753
13795
91838
85604
65578
69123
22602
86729
50688
742
11025
41577
4660
54304
36267
32104
98866
54334
44552
18425
23130
15939
61864
53712
77112
2751
43802
95077
76146
52480
90225
44898
66274
82062
46853
48204
67536
69454
34932
34576
86548
45956
76152
7559
259
28770
39662
15476
83104
84213
33900
22585
151
95763
76296
93614
98513
20097
5043
91011
72576
95267
52260
55202
93680
99113
3405
61216
84918
54688
95791
71465
643
88294
79023
17253
33415
18684
32728
32870
19249
82979
55454
19399
78741
48102
29365
93606
68198
34407
968
40774
46025
53227
12327
39704
68691
15731
17271
53609
70418
29413
41425
87412
34058
20448
21016
83825
55483
53743
16694
91083
53073
88500
26834
48165
36601
56198
58122
4798
6956
59089
61923
52980
28668
74249
9035
97358
6331
26306
67318
76748
55718
8743
80511
89776
45542
1526
89952
17376
71620
6645
8459
24692
11496
35292
72857
48096
7841
30978
69246
14796
6419
47520
67775
35086
38121
76809
48795
44451
19466
16113
37551
75184
41207
34413
81311
3100
35939
71262
20475
7558
94258
45285
48602
22106
80576
37810
86553
4768
85139
55798
19563
91557
19670
3689
42994
57790
80498
91789
18592
16315
24253
72494
91498
65459
6907
89160
68558
59197
76773
5384
83106
87383
50669
48059
9488
47596
85868
96040
52364
87359
68190
71926
95267
87859
75615
38261
62000
72464
46401
96943
88778
70653
85789
96628
52463
9047
2139
37372
68243
78912
42755
67700
82646
93423
15759
92133
41019
17978
4524
9734
5336
72713
81659
603
76923
73625
55215
55274
46088
1615
52217
51218
72267
38005
64197
41081
47051
66335
78452
31645
61598
21206
15696
44243
30981
47806
52727
88351
65784
57251
98084
87471
46315
96094
4425
23238
69719
59639
78511
32158
61253
47079
83375
49871
85083
47571
90951
48485
30258
69402
96481
91855
6960
12177
52450
37940
59982
5176
42642
42117
78778
40725
29588
25093
36818
50364
64682
22888
10003
43192
55046
87607
90271
54772
37478
91705
18695
44780
56542
48952
14182
53022
57158
37493
81550
9607
91784
57884
31135
34425
100000
9912
75149
45939
35004
28318
96303
99685
51206
6305
59229
22603
93911
65851
77374
47740
73907
96068
92520
30448
61371
23053
99822
18529
60545
81371
44487
52328
39254
75621
3104
55606
85533
94604
1544
36888
22921
14198
52925
90478
36854
28505
13080
47117
94355
6806
94856
68261
19225
3727
98709
96948
26779
98530
15476
3675
96252
76314
72354
51858
51935
75457
7463
53819
70060
25358
7058
9333
39556
59982
99810
76409
88486
29242
23525
99192
52399
34733
67453
71623
38459
82513
68570
81590
97394
397
85264
9997
76711
57618
61854
44997
49426
85668
98815
19486
11026
22224
28818
66933
82206
44979
43341
87043
74220
83218
86235
26618
17950
70039
14593
72760
68903
99514
54349
82648
99911
55965
92644
92973
13582
70850
37969
79359
56517
53135
98844
83894
75358
27661
50826
73915
88992
10519
60958
63211
93736
63544
6181
28037
49934
37125
17148
18836
36638
71497
17835
36548
43813
26830
45872
73746
97679
192
53104
70548
53326
51948
54441
45036
95960
5267
35302
84951
32137
96259
64514
25872
76154
87046
70260
26087
24170
3759
61274
60807
91607
79108
13707
35419
5938
59578
9164
19968
59770
62268
90515
29447
30567
61308
90834
42878
66574
26136
27829
98710
38746
8694
40933
31252
95739
27544
57338
19908
31302
34964
97066
39261
14071
10772
74679
36360
86702
195
72680
46471
62462
63194
92269
9380
40853
99455
52257
23778
25590
96437
38839
80687
5130
79771
11938
868
23666
69276
37127
71320
20591
34193
10580
34661
44964
1610
87373
31665
1804
60052
94487
80617
39597
3108
89996
80450
2562
58605
4227
44503
55041
43066
25189
60171
39188
37127
77390
79206
22754
14517
66877
43344
65061
93808
94356
10024
95417
98080
58041
97221
74483
68879
94189
14080
71986
84185
10881
90899
59141
31459
35401
14181
90876
76942
90703
46416
30420
84445
25621
69525
15313
92497
29220
80373
2656
23575
6748
98072
38007
64788
11644
12489
50019
5833
42920
38356
6369
53800
29255
65509
1611
81007
96041
92486
57948
3096
38901
88367
87540
64521
57891
2852
73369
87110
83224
92376
27037
6323
90448
81395
71111
18443
93883
37481
40627
36803
75836
46995
6954
5090
28855
8564
86097
41248
1050
60396
44343
56302
48763
31882
37175
23005
51085
26895
26467
50660
19271
69855
56982
9718
51249
44444
44512
45131
81924
85139
98285
57760
32133
21591
62849
77340
30154
65297
18587
47555
42045
62929
20209
90807
11162
57383
30163
62246
84277
72981
29257
3547
42835
86238
29616
10435
30682
74128
71918
12605
59266
70202
70364
7750
8144
49565
85089
54650
31213
20027
2204
73257
99307
38764
80415
10468
96146
26930
89065
96775
99910
18321
321
59097
4559
29937
69531
51592
20416
41448
64196
79681
11650
50912
87430
19793
16828
88871
90794
64392
8897
9350
37649
8204
48113
34415
35023
44259
61344
40440
41033
77606
58760
57705
36702
79670
3993
6232
31261
24408
47680
11809
4088
75681
79072
91518
11825
95899
96740
2619
76642
5636
11968
14290
13839
60080
65057
65214
20690
42752
5653
78074
20357
64412
52131
73410
60434
56123
79642
8046
80531
43673
19854
84618
35705
98925
92487
47529
11175
89226
66499
87817
11214
94818
18458
41404
71250
99866
6617
91939
42618
12269
86365
79326
93033
38495
52736
69818
94617
48729
77863
91499
92401
97717
76117
28105
12993
84955
91985
40520
90533
58484
28336
1746
53301
63145
43149
40902
63011
49766
32841
21980
78386
35557
1305
87770
90403
54040
57587
85019
19120
35450
76518
11520
49518
68986
55976
78862
70292
47961
19381
60824
22796
64068
62569
92448
43565
22070
33350
6575
71835
82542
28554
66572
34450
46210
54342
24852
16602
11928
26222
35721
47377
19091
63593
13246
88076
19568
92108
58368
83880
11488
35543
23027
91908
98112
15475
35472
20181
65176
58398
8367
64069
86951
74938
14870
49512
45631
39721
66113
57559
65942
1834
21287
85033
65426
34533
89460
1345
26640
64179
85225
54479
99722
8251
46386
14185
40077
98209
34365
21604
56606
59083
2024
59908
50372
16893
9420
96003
56613
75532
69913
38907
93717
91199
40291
75494
42083
29750
76839
85074
93929
78415
39553
10002
3017
2290
24186
59446
499
74902
81049
57104
33984
99425
17012
707
16317
42783
96709
89282
34666
82973
44540
28383
90524
84830
20228
32606
30931
13418
17680
41211
8184
73584
51212
11201
75873
75397
70646
92723
50298
68046
49827
633
83822
83190
1340
139
25972
14400
5772
60637
97373
50311
5371
87896
35140
25599
36853
66070
55368
54532
7281
63552
44467
74844
74752
20340
50241
61749
13062
538
46146
79240
1171
29968
62429
18862
46458
88400
33261
52229
65389
30633
18891
70759
34880
54030
96357
71733
36451
68077
42616
60083
31628
87083
34927
22731
23774
1519
84479
36835
18408
46976
32427
35930
76943
94855
54791
39752
99607
88052
8332
64995
35036
27222
35753
69916
97603
48462
58000
34054
16538
615
10488
48165
87697
61766
70895
11470
79636
71725
64657
98044
18700
97083
50325
11995
8289
5116
68098
7895
9519
76430
72889
60906
3651
24994
30821
1254
73455
88820
51659
6344
5787
62146
70860
93483
40264
41754
21305
19899
29830
2313
34294
64881
99395
84619
93227
7683
6086
61325
31930
31956
54106
4818
92861
57756
46163
40034
59009
19617
28853
27019
42312
50991
89165
13171
44474
45780
71276
82130
65678
1105
84442
99972
82338
188
942
75564
24222
7027
53240
56151
38982
7345
77321
31842
81453
39835
71875
40461
59452
17080
83832
18115
68070
72996
31286
28895
35127
2561
27376
804
3666
28169
17127
2355
44708
18068
94270
68930
41446
47510
41432
80427
71206
35104
28621
52658
74939
16847
9471
50742
33926
93302
68856
18348
82649
141
63594
17775
19054
7322
34930
22719
35490
68409
41425
80198
86476
35694
65479
27922
99555
23262
24700
87113
58366
69672
39770
49656
86519
65592
16749
36796
75245
85604
71495
57893
2097
35089
92019
21150
58762
43301
60220
94251
11709
1644
90800
98184
53689
56278
42457
53244
79540
83509
40356
54257
53180
96477
3912
39698
78421
37012
76494
53665
22615
64340
27910
41063
99428
19928
78564
58189
79580
38783
68792
91288
56778
75943
5824
26819
48573
64632
80062
44464
48140
36769
98720
17672
49597
18983
73721
28017
55994
66566
81682
94960
30906
25943
52375
30333
62222
30938
4874
41802
86073
90017
33089
59202
65959
38912
86020
14531
3544
82433
75346
68035
35553
74065
85706
85150
9399
59427
29518
65392
25992
27551
76704
56897
53493
29078
3582
15715
60015
24807
57516
62439
31175
6956
21641
97133
45868
7660
28016
65763
90093
3361
33797
25645
93778
35855
27146
3176
11633
56664
84920
53976
84214
61623
27225
54059
7052
30806
69773
83418
71964
43640
45857
3138
50595
67497
16622
12814
91508
44637
78576
97952
64350
28725
39949
58127
80931
67094
77654
92563
40109
78925
46538
24323
56899
73762
78381
63950
20919
64505
47368
9234
8144
9576
12371
75090
93424
28993
87904
84931
89981
82831
82883
54330
27907
22831
28808
25189
6276
22814
17751
46385
1738
80641
87059
58637
70754
81791
38938
8025
62647
2657
17258
87142
12232
29629
62231
5655
74973
66486
6938
64953
65669
89820
35635
93575
29002
64442
18764
35277
3607
52866
98013
5345
49858
1423
80333
36964
83213
19270
44988
62211
21927
78597
49352
50510
8225
11583
72517
99549
94420
79454
64502
60088
69273
136
70015
14626
80929
5130
66254
84536
57995
64267
6232
7853
65689
86564
61168
65254
22185
6155
43816
60463
84751
93168
10973
9328
21102
83489
8876
15521
62942
89729
75609
48566
89864
61975
63191
87145
67104
29444
71680
25098
10062
94263
49302
92103
80826
10469
57356
19362
32975
17523
79825
34078
10690
90797
43405
31791
90637
68632
63664
53578
58361
39272
18495
48224
17598
81685
51720
84701
27480
23399
26150
37542
17661
91804
29644
14838
18624
3351
34200
51599
20873
14024
85676
31563
21172
45432
79705
11808
14063
43368
81737
88775
98991
16583
36999
16588
98267
5070
1288
25746
28469
43790
63287
62481
35593
92930
93671
54216
12632
27870
5814
33505
58245
7841
65067
79416
53272
61123
7575
83687
4491
5663
72461
3481
22245
25811
20069
36863
30881
37708
78960
75701
81497
42247
38181
17089
51528
31851
71305
64160
76072
93470
97664
34316
1311
79082
30083
70934
40204
54009
70972
61046
59671
43433
64527
98267
85595
947
35129
16475
38654
14089
8527
20151
72687
63060
53591
24214
11262
41247
4725
87334
34717
18740
38001
52379
14173
68084
39664
70729
22092
10636
31774
98115
70420
96300
96381
56014
97246
31510
88841
52252
61950
13719
88754
34636
76778
42344
75201
88040
83591
79926
75373
34659
15017
29725
3389
45542
97808
43052
16270
36252
53687
48043
34366
40458
60695
47098
96472
74292
78607
1664
26543
40556
15382
15296
91543
92160
73992
66744
96551
73934
63021
88275
24944
78037
17999
28332
23578
32159
71383
56199
68410
41422
4242
19127
81879
81288
66224
94702
55579
61183
96365
98474
18090
28099
30121
9633
36610
20464
76376
33160
94397
39396
21434
19340
33784
55784
64023
73714
87942
35406
29912
72703
76827
50505
91829
75057
31792
74405
69759
3723
51939
82475
18548
70028
10573
48668
79660
47182
85484
72387
96693
96232
11782
18126
31924
61918
73910
95946
35631
78203
31351
65542
50906
24529
16047
59086
99586
64190
33490
85696
84264
85428
68170
2811
71808
78743
67831
51467
42276
53314
40206
38969
65897
68339
73446
97820
30256
63707
93766
65886
41910
41468
47780
92815
82349
80178
51900
81934
60719
1742
83981
44983
3521
52150
47793
75328
47244
31975
43147
89520
1640
99704
44840
67537
68042
18285
65356
98298
81992
75473
80535
40253
16941
44666
33067
99289
24843
1318
97574
1914
19411
81554
46896
39284
33703
11040
14611
80947
43015
74109
86818
44654
73812
31657
28542
58206
66293
93898
72855
48284
85722
53389
4888
2662
14407
54306
18302
55601
55624
32227
57514
91386
13780
4409
30669
63835
31801
61632
61133
74815
52092
64302
35820
42256
95958
80714
461
78602
90963
73315
43238
76684
43055
48125
95698
73813
2431
13999
29414
74406
46226
86927
65791
76357
7688
12812
56543
39488
74443
34027
30654
42886
98328
82825
85141
10637
63538
1953
89239
54500
91619
32476
47536
34674
96952
43233
8486
99382
57231
54251
73787
19808
57530
39578
12517
65217
68741
85411
21056
43183
19438
68061
2420
34117
50885
87561
44754
30775
5865
50344
1626
97484
99171
49161
32157
96122
92393
56994
95504
65976
11245
85642
2135
68774
41571
14651
50342
10311
16414
87749
69845
35851
55809
72265
86319
23045
76177
47424
53819
82041
97767
55445
79524
13289
4605
28032
9411
13350
1378
21266
79325
28974
6907
81459
14099
64830
12462
64440
75140
28875
68540
44985
81077
24348
33601
67395
47392
9777
14819
1211
8169
28937
73007
4045
42226
77611
32076
67988
90960
49805
5605
86636
78778
12511
68095
92876
93692
96908
73667
68832
25782
42206
30168
23210
66553
63768
90604
30297
89896
5422
47859
98064
34359
20865
18460
92936
14827
66888
60923
22139
16692
66527
8774
95470
95389
93220
4697
89081
90127
78364
74264
32260
36921
4431
55469
3474
68198
46073
50122
74445
67846
97980
88860
2204
35196
7320
11491
50022
74207
72413
72160
90898
55291
80934
2719
50680
90505
7416
56112
80632
85779
30375
12891
22699
34805
68360
42524
19354
30784
8997
93798
98629
6976
82657
17185
58523
6328
28675
8545
80534
1088
97056
87784
72730
94341
90502
23409
84846
97917
95872
65477
47
26246
94719
22746
61050
79430
81621
96755
10213
6970
6904
8842
30297
89561
42378
88820
12240
71052
97364
92774
88491
10771
80557
61221
5112
71058
981
89957
85327
96853
71785
85373
23098
66503
24470
500
45933
6091
13606
56145
13060
20510
81338
59708
26422
23715
48527
38661
11119
62242
31434
99609
73013
28342
60829
78124
99400
78162
84432
84726
75014
72568
86450
14463
39070
10920
31314
1354
33362
44920
73851
62773
65429
55188
22480
91850
95255
71007
30510
6373
33248
78296
22333
22612
6637
99514
17087
22388
77675
1518
23465
69040
74085
26267
83502
29507
37186
14816
30860
70547
76087
4710
49671
57867
76250
72150
49716
87856
59508
96577
10580
92756
91224
32912
31719
14213
32425
48806
52952
10099
50323
92769
79138
40760
19035
78992
70266
56220
10159
17477
43118
2597
38539
92788
60463
31140
81289
26530
18995
40797
23106
29574
49904
30682
62485
81622
44894
11262
30427
14197
21360
80750
6965
16850
37861
25999
12193
24478
98570
22351
41954
41687
41299
80492
34474
1761
27983
15763
28290
46977
72911
67747
92902
22814
98428
71739
4435
59673
83000
34862
73870
20711
31963
80834
53912
69823
23185
66104
94300
21754
4806
52605
63441
46104
33097
14266
47864
77431
46380
76153
24408
19290
43900
33661
42103
58679
5399
46538
18352
88398
81399
8573
25461
29713
5758
79372
99535
28942
45476
10186
50696
66633
62790
30488
12737
12238
61105
76952
89669
7485
69457
30428
43126
13356
64088
85229
88386
69487
48118
23089
74236
45868
31661
99696
75580
37419
95420
75114
82712
40895
1651
49759
7527
64440
80246
36615
76678
57703
13567
82698
65187
99375
13125
24664
12730
77212
9892
17467
63050
58009
40556
53638
20228
72216
53333
95807
25986
48752
87272
8698
5998
88922
74808
29877
53362
71406
82843
46391
29108
12761
29088
10646
12135
42212
35309
41216
35775
61553
58683
15177
35913
99238
68814
56141
87805
22146
51947
30143
87250
39219
55192
9599
28140
29999
39475
97853
1404
22318
44243
30511
51430
89682
41156
63565
48245
76465
4780
84020
38017
63462
99196
73929
79051
68009
46421
83208
6506
98368
13350
10107
53938
68541
19706
82077
14891
75532
96282
16295
14201
56876
46805
65631
46558
4313
29195
94802
97129
50326
78821
51497
30140
94368
41777
9190
62376
88198
8749
85234
2917
38450
95340
56854
23342
31397
55282
38233
6929
51563
54527
21129
8439
17683
86759
54996
21995
32305
49797
35475
82631
44970
86971
12770
55689
28748
38311
34417
33297
63412
19650
36213
1861
31341
93066
25203
62738
48347
79787
69666
16262
34313
7146
24700
68347
93905
96047
6694
42561
62195
42168
25191
23516
29139
54312
79205
74238
92623
13621
23886
56034
33270
60098
74246
80962
69515
99448
43699
34213
95586
29716
50474
29898
36862
91525
98245
30766
87571
21290
73326
66118
63457
14869
89633
8947
69180
68837
99536
78154
82457
23421
50539
32078
99870
24785
13040
69384
40584
73090
3597
36170
2806
70422
66067
39667
61947
80663
86784
65869
1952
60109
31986
81761
91329
37971
90707
76861
6807
90243
55014
5616
30015
5553
54045
29885
30337
83436
15620
70920
56526
35568
23441
59331
22342
5860
15349
84288
2874
2132
66508
4826
78592
14846
2938
69921
52816
93644
46781
75974
238
18146
97941
46605
23698
68338
92841
70386
51773
8460
57658
24650
60380
81098
332
82721
86957
15680
83360
89831
34163
49867
11008
12755
64712
13945
99027
33879
23940
62159
26205
40530
80304
24145
87134
4002
8834
79974
90739
76959
4785
48396
1608
65164
29494
18292
47884
16450
33971
31243
6280
68134
97462
33639
97240
78525
47583
96266
28756
87875
58424
54960
28404
38727
95456
31889
59080
4290
11862
49819
81248
32998
14566
99207
98162
44059
17498
62397
76861
67821
9992
83140
35954
23805
16779
49545
2329
80713
45810
31084
68587
20585
2395
13342
75663
97851
45230
51095
18492
73443
17265
16091
6441
31830
15297
20954
75889
32795
99702
52749
16967
9693
52240
69272
49849
85370
18816
52178
82435
80977
99613
67373
1561
2008
80715
93575
16210
42296
44669
34701
15739
61933
50791
38531
10115
82439
75836
2355
31585
75537
55103
48551
1582
23694
17822
51430
25416
52989
19959
7850
33965
19572
75222
51877
37931
72288
45452
54140
14584
6472
5192
46674
84757
72334
85204
94871
54772
61039
97225
2709
52927
68679
51259
70860
8724
85433
22290
34139
38421
58600
58340
88738
78171
49914
40614
32453
22201
2417
86592
53136
8889
91783
99809
93645
64116
1364
4867
35240
78754
18443
37948
31681
87121
5558
2540
12196
7342
41181
46335
62115
99781
21026
67204
94303
70939
7817
26756
9492
26586
29699
62627
35474
37834
78788
45470
18301
80151
66688
53540
58905
85130
7839
90585
88602
29749
9476
797
53442
67009
63483
31908
83141
861
99111
93795
71799
23280
20550
97642
49865
66601
60269
85338
4434
39056
47159
22734
35558
30198
92626
94462
15327
16816
1398
20280
62916
27226
37428
16358
94234
911
48265
77374
18123
63728
87520
6273
87007
8070
3915
36871
91022
80535
38560
95455
19590
85718
34540
71499
32267
43517
65961
47593
60333
83710
84224
23248
10935
21651
39605
21520
38913
4222
15245
57035
67949
2765
63308
54955
27186
67222
8177
18207
47756
46736
30013
83697
48805
64552
55195
81071
8069
37507
45015
84753
21217
29238
8000
48503
50888
63957
70023
6153
84530
85267
63187
68830
88031
42846
23784
15216
26419
31960
33422
74174
95047
63434
74222
43851
44338
45769
24921
68758
99627
86287
53510
20843
15524
77861
85698
82763
41817
55720
88915
42698
40986
68454
11527
45369
11299
35310
60584
37718
83621
10358
28243
95019
90143
18817
38869
50832
64585
80141
19589
80563
66427
89450
17758
98302
67311
3455
81065
25479
59174
86331
68177
16511
54784
79703
61879
82435
31365
38815
36504
31337
65524
81098
26356
72018
99914
65224
22850
80850
61717
58790
61413
28143
48240
79170
26445
15550
82624
23861
57380
58149
10191
25556
91011
81327
5259
69242
80113
52975
8056
32968
84311
89931
14065
10666
61948
13979
92242
1149
11180
70310
59939
72592
98452
8178
51761
41248
40079
50736
81460
97458
8884
8003
39366
99895
89329
60976
69136
85793
13950
93543
18760
98260
99825
32824
25278
61772
63154
33871
79273
74334
4180
39211
46925
18983
63740
15038
76583
3818
82125
58042
17627
7361
66044
56992
23607
71724
17967
9094
57516
48268
2636
92627
46528
18812
25451
88157
96935
4956
38379
76207
79289
42558
15417
42566
61540
79156
73955
38122
99325
56079
12516
33304
63439
78559
6647
87045
50283
40966
96138
24150
89233
15125
16777
52112
33936
58579
40268
47223
63534
78646
23429
59175
37555
38846
18092
15447
34353
92046
69920
50030
64476
82435
83333
44267
60994
89979
47663
27628
30944
60153
51777
36529
75277
84905
88640
25565
59835
45260
72787
39721
40257
12567
98895
77812
51412
33338
93258
2117
41735
79529
52146
6210
61964
51830
66828
39309
58160
14491
66936
5456
74643
35064
41984
66271
19969
30623
8187
79803
92234
97325
19523
32491
9892
34769
26654
77655
84458
19911
79771
26192
15791
48268
48754
77754
97
15581
17062
58257
30071
349
63712
21065
35413
22047
3688
71733
52669
11874
67887
61255
9199
3762
93745
35442
38530
20398
13096
22988
56660
92867
65531
72450
57486
14284
66556
57583
29865
99969
32191
76287
318
12254
13704
52082
34300
17391
23814
3320
45616
8052
64574
54814
11813
74670
90255
50343
95067
19703
89682
51726
12569
55212
40528
86406
69496
7083
43988
15712
7051
92530
8350
23720
21135
38405
75801
55434
55795
15966
75106
1411
24018
39679
72576
35830
14349
79183
2524
25767
98885
92205
93845
27805
63769
34372
14210
49616
57806
74550
81679
64856
83431
90028
4928
4566
44785
80728
59999
579
96694
51456
18341
37063
91135
7269
72892
21835
2803
75416
63953
18039
83972
57797
62195
64092
92168
76404
13707
66325
67305
95385
31181
50736
1765
52460
71653
46549
33187
31651
63479
46232
83107
98172
99646
90593
21792
72538
28779
24594
64305
9083
58984
64628
66880
21178
28720
75399
13933
58778
41724
81238
54163
89256
48325
72279
41715
19977
18827
91253
67979
98657
53837
67437
96828
53482
74381
34971
42371
19511
59564
6675
28594
18547
87655
11825
56076
32726
87223
70009
91503
28946
67598
62017
34553
15922
34295
92619
52250
69473
83872
36580
68130
37708
4017
81309
7541
94749
16280
49912
14260
92195
72938
59205
27094
60592
71029
83169
93317
58251
69529
1172
3549
37126
63188
54453
69399
97483
47072
21648
83307
30943
74580
67788
85002
78596
49097
8894
73344
81728
58805
3955
90274
31743
63159
33719
8686
34187
33240
18355
92438
2768
19526
12338
56246
99065
66790
25644
96547
13861
63644
79854
61155
38223
47641
62508
33170
13089
71402
22865
11168
46558
26820
17794
94652
89978
51512
3338
40517
1103
38044
32954
20223
73921
61643
76468
72985
28432
18463
69532
58645
98458
65737
19799
53032
29729
98659
2553
59170
70060
25418
70337
16617
52237
4482
11269
58566
72346
30958
99082
73448
69001
48387
93670
59273
26381
86489
32257
54813
4952
18140
29809
19761
83876
65959
72793
29957
64617
91697
89126
51028
17114
59462
83997
85702
80296
11617
60620
52641
42574
76053
26088
27926
40792
36110
87198
67172
22598
35806
38336
43901
53946
68144
63662
37821
34103
52806
67777
98719
44502
73254
66099
77968
49068
50095
80021
29363
61711
40640
82003
20636
16693
24442
64913
57484
60551
68462
24655
83149
4267
62991
43401
58212
47486
23414
12385
81588
92571
96513
96659
53425
86119
79109
31392
35186
29203
11412
64548
7265
68404
46550
44252
85096
87343
9164
58931
47894
93977
99937
47394
98243
79279
90794
72807
26765
14208
1543
24704
6778
14407
37714
76554
525
16822
7945
35710
62376
35709
16609
69640
4112
79510
13891
5559
66853
39406
64489
14746
33382
64425
78491
47977
60056
69284
37135
86820
99843
38677
27875
22973
69435
65589
99526
86312
98762
23823
38373
61138
59531
54982
47129
63642
34491
77372
85552
17695
33129
50040
48792
66511
30816
27282
14487
90871
96566
67973
94042
12760
6649
38269
35732
92435
3857
35258
78746
18970
59080
17119
80107
34962
72100
43588
14955
22942
20959
506
56989
54087
66897
5780
36949
97712
33062
67787
4935
29627
35759
15328
42386
58759
53596
94470
51194
73804
46079
29939
92774
5158
63409
89232
56471
51860
49171
71425
91154
86481
71930
48142
40568
38826
53921
93868
52889
86982
61655
57823
32960
13765
89503
91698
72524
43098
86167
40069
33254
32245
86359
42379
53754
49768
31610
26576
17979
97133
98000
9132
83613
86281
57273
40532
25106
27546
34400
77994
30879
12406
52169
63839
42522
58023
71888
31397
1120
58054
71465
50725
6650
74176
93103
76755
40295
41065
3330
58273
38197
17681
83757
21809
3961
57381
78693
29066
84926
29444
23411
15805
41849
91931
95995
722
49953
67882
32119
67425
42287
19935
18149
65288
94110
27604
42042
34404
68668
61723
92677
23216
79403
92785
61376
99715
50165
40068
45132
35091
69511
68542
67247
27711
76825
63241
28433
43129
31122
60551
26905
89760
80485
61406
55047
90947
89009
13440
25350
74028
91514
34378
13595
70916
27162
74970
86982
77327
31390
32113
28769
900
17006
96015
44963
93830
59255
89747
53311
6728
50297
80215
96487
47133
57972
67885
54431
46980
81324
79781
37359
72837
30510
50953
60104
57672
25923
47085
51350
73664
79197
80118
74563
12554
92484
35877
22736
51738
25623
76046
74817
92271
72612
87655
55756
30584
55539
10186
93915
53214
6318
47626
26050
36828
98578
2505
10851
40852
65941
62200
14515
61489
58669
5430
74042
51152
41306
96777
19241
83281
89174
10409
75551
78138
14415
31306
8721
69953
57844
18987
39518
64161
66612
81919
988
81542
84423
28190
22393
50363
6741
53260
11851
65409
58689
2244
32912
16346
15373
68504
99626
4546
95264
91529
82683
9678
39186
7755
95982
97029
43094
35499
61190
9705
17417
78529
7598
1839
6719
46343
68553
13459
99602
96755
95220
74642
15351
44483
7339
30723
12987
23317
35268
24602
14845
34303
34280
54030
42057
30261
51059
85150
65760
28600
11207
83176
23480
18804
1367
30198
81498
86271
60009
81099
83026
71580
72092
98376
16062
79431
29098
45400
2747
80717
86354
17591
15019
20633
87972
73428
50893
55382
74929
16652
83981
86135
16180
23813
21291
33898
54010
2788
20168
30370
239
19545
18301
72330
34272
50715
51760
79721
12466
70858
60438
98819
4800
91808
19451
92772
65235
70344
64505
40164
3347
64838
42650
35878
88650
80292
69775
59011
83080
6295
89381
99670
25839
7681
71999
60111
74747
40111
56183
87213
10968
16620
86031
32120
24780
5482
24891
90014
92177
5747
46529
11875
70584
5531
47753
59233
85822
33879
18244
85253
40173
23976
84922
82364
48008
56921
58826
22755
13383
15008
9967
40702
47980
95997
72821
72759
17830
14063
79124
10006
19810
42005
21881
90393
47535
85985
65978
33356
19863
573
18609
76388
24548
19882
58751
88907
93154
17576
11661
6536
48935
37979
47238
96914
50328
36410
69672
68157
50473
65148
94515
70282
7152
32747
77026
54686
18731
43003
4393
54945
59927
39353
31332
826
59235
90082
89733
52388
24009
17745
58924
72944
55724
22513
69857
22403
58922
55881
90559
25746
21028
1425
96027
44531
34171
89405
99216
52901
48759
19960
7846
8686
59313
55529
9511
18547
61963
99243
87286
85971
33340
46209
75266
89063
85073
61475
27817
60347
17355
18375
86092
54734
36152
98471
99264
70322
87875
14831
39575
36633
51142
63772
45318
10454
19300
71181
45352
81262
70423
32638
83585
3762
95198
58850
9176
80271
20324
36992
56969
54030
71719
43060
25115
7870
41530
40730
94543
29404
71912
34117
82389
23054
97888
44058
33507
33540
15238
78859
31153
2013
11496
14737
22126
23045
89939
31302
3315
26614
84645
60283
80644
72715
19695
22110
96936
77576
62840
7831
23332
34751
41947
5720
74156
56187
49777
7663
6078
81367
2873
37230
83379
30720
68319
5504
53764
74609
53157
73431
1222
54154
50065
98217
26868
69759
20327
40156
47335
99518
47986
87018
34268
6284
92737
8424
62470
58865
32438
84899
40231
51662
22129
23609
82381
6799
45465
52496
81407
98621
25926
82628
52774
92343
80845
95994
62101
17523
52501
25787
17040
486
12804
67659
6769
21892
92434
85591
80757
41223
86841
37339
92884
25321
60948
91616
32119
6412
44112
13525
21384
86389
12505
90510
78731
9701
86503
57184
43575
39003
99322
60614
55840
28478
28272
78960
50369
37058
80902
47477
78280
67743
1168
71164
93063
62115
79131
25182
84878
39594
55058
22613
25983
83914
13122
21065
93614
99624
94600
53540
54978
93922
14153
27169
38751
58777
6129
5471
95834
87030
69300
74113
54772
70467
61628
64187
48933
40759
89368
50162
80352
60777
72774
22686
61043
85896
60103
71008
1871
54702
24548
73201
64975
38700
369
3725
13828
6497
9196
9661
93527
94847
126
64650
65313
78105
28836
14245
35215
34555
64406
31919
11684
37179
54604
72726
39426
14706
43733
57649
85760
68280
30849
50734
23332
31217
70811
37159
54066
96358
63172
63944
91204
79649
28593
56516
57753
73781
87112
9320
24687
51517
41238
36370
5047
12193
25447
44473
43251
85532
2121
29010
70163
49321
96095
93494
80537
83257
47005
34602
79614
26528
98545
87169
6176
43490
43684
80280
17270
47147
89599
58308
98663
47188
11030
3710
59381
36476
64534
2631
38359
83006
47992
8522
32326
44086
18367
29214
27343
65371
63816
23308
8250
78712
10477
14425
22201
70512
11057
55822
17659
17007
14130
32673
64195
41511
52734
39927
77986
33619
58909
32697
16624
6900
41218
65301
50985
59584
94515
94679
41307
58330
34339
49556
53393
61167
80333
75594
31678
91389
47767
65688
24747
78248
98361
5293
19758
67446
45219
14096
1065
4127
46792
17688
27378
88009
82989
94715
63944
93855
89393
5250
68536
40083
71158
21928
1249
51490
13873
49279
59230
61640
14966
83976
56239
29678
5621
75997
97124
67191
6444
98188
87670
53235
32227
15047
57595
31567
9761
21538
25421
15506
43140
93956
55588
14297
32236
56837
82138
46108
6115
41367
24099
37432
41694
80338
67110
47314
56334
80585
14505
62777
95124
2174
32363
27350
33572
89957
75269
43333
27846
689
58838
87337
10997
14425
1633
43232
87613
122
89339
10079
41488
13438
63863
99534
93775
47324
46847
66460
27908
77703
45588
23031
96228
94302
66732
29800
610
42000
73132
28455
59041
48321
15792
70037
79097
33776
13268
66710
50250
18958
93140
91737
48747
57002
91270
58873
20677
54469
25332
48584
48523
87271
87966
44751
81572
54698
90902
82181
13049
80385
26988
72089
28705
59131
42125
7801
9258
71744
90862
59507
90702
84002
67596
39448
57355
75217
98321
78032
29685
40004
42967
94560
43627
30933
55662
41550
1982
46563
40083
15030
26947
83422
87119
55651
42552
29243
79803
51809
987
70665
27668
8040
71018
95263
47487
28372
70479
62159
22755
16516
18515
65722
27427
62141
13006
83088
20042
14987
29650
60124
30016
72948
43545
17134
44950
2448
62729
24752
70609
80067
11768
98276
88106
82785
9890
51944
11157
96720
30455
50263
29587
48969
15984
57013
27461
28989
56452
47502
43975
2453
23978
90343
75400
83874
23828
36701
86322
86556
61453
73282
82974
73220
87909
71079
72357
97798
39375
83513
10869
69829
50127
40456
35149
66111
13820
62609
11451
70272
26462
71778
72724
66791
62120
48124
50665
85947
1176
53338
88855
62628
26619
71828
52200
14527
59259
24556
28676
98633
24420
39544
84813
74546
79999
19961
57008
93819
98921
68459
64090
25382
40236
53165
92173
18707
17640
42837
4653
18816
12526
9859
97795
39144
81687
49994
70022
40945
90901
98697
39577
31672
38240
40741
6218
34591
60701
79577
44761
59621
48035
25202
1354
4622
78366
93526
23328
96006
52714
44333
14821
65239
54191
12615
20734
35877
78961
90755
93173
69861
5803
49101
1533
60395
89841
24102
94985
50541
3678
39745
26513
68065
64946
27867
72686
59663
37744
12366
55668
6810
56698
86840
72048
10888
99455
9134
63117
94767
16240
56289
64627
22043
21742
82511
82437
11582
22964
93773
78475
42994
33517
4987
11058
14814
49205
95
74476
86949
12460
46496
93758
69157
33335
82157
96397
49141
7642
75865
43907
23882
48505
24886
62276
70246
7396
44712
81828
46712
38484
60302
89705
88352
81640
17114
3165
30845
17208
93992
17793
29668
40487
27902
15176
73822
26410
27924
39314
34052
3788
83221
57933
52293
8106
20208
22538
31853
81271
20717
78564
36106
97370
84620
24457
79010
1733
43973
9854
35293
37964
43998
81312
94803
88251
12839
84976
14660
40763
24289
48711
60902
7509
22995
29546
15614
59554
68436
63819
40824
89152
58734
76929
86522
43354
17737
65531
61438
61709
91736
13082
99673
52085
94393
10827
40335
7232
95802
54994
47994
20090
20057
25247
43951
59403
54793
75916
18957
23228
39734
76132
12379
98468
53061
15252
58173
70797
97134
35962
48858
88869
49044
64882
40953
43436
75708
81287
67019
87861
52633
31364
24302
89041
56611
68252
48443
11403
60520
67399
50982
16605
43531
79712
15072
12943
94964
89596
91
92097
25558
48948
80966
90953
30181
38270
34388
5888
35909
17759
93748
88541
49122
34402
77581
5732
2653
42375
33486
63172
9774
84467
79777
69656
64179
11200
98950
75494
17148
15392
67590
59057
80692
64907
50009
10872
3177
748
33112
39085
18506
43211
43977
67628
77612
37909
89711
96617
80283
23197
59788
6408
24015
55916
76063
88193
83468
91364
63686
16967
23108
47628
76023
3799
12534
42383
31022
32062
43130
64133
71146
61636
7344
31474
45615
84955
69382
35325
81571
49665
58521
57711
56072
82536
29978
48487
87080
29797
39850
67118
46763
79309
31097
39137
83107
43630
81519
14129
92044
24649
78261
79541
2636
1956
11015
48250
3263
80396
99926
1185
30060
74799
75247
2484
73686
5225
50970
60765
51373
7171
44234
14488
86480
75330
69976
85938
35312
51495
66
27355
92495
94679
6895
11482
12986
17909
76083
16248
98305
76008
17433
44716
50806
92679
47199
24491
14255
14520
1608
81980
21691
62193
96467
24522
37523
66442
10459
89186
34288
10525
16540
43134
21555
23434
54615
34540
57695
30697
50788
72351
23057
84572
33418
73862
93602
80617
14705
7857
11488
32664
6188
33178
94856
2654
74051
48730
85447
84510
37915
36087
95034
54454
79220
32940
94240
33835
67479
68286
80883
34618
40636
3939
19189
74053
94153
12791
71021
8857
36999
98861
57872
43186
32038
52727
62191
6089
1457
63989
6950
55723
75
18335
10177
79295
51274
20768
29481
18752
89053
10363
53370
46040
14302
88910
36444
8454
1700
23817
33662
55050
22677
91533
98235
71066
60611
60425
93506
78419
40766
455
34142
40840
18789
60670
20134
70062
81437
65966
5166
86841
76329
74887
32880
6982
63796
69323
31787
81848
9491
65448
36897
32167
73332
35132
3233
50294
11908
96738
28713
52673
97193
62854
9865
15981
23523
46350
2395
21311
12316
23912
8151
88644
98798
57382
95625
78945
43056
43763
60792
52547
25562
14041
84713
98893
49172
87945
49186
77431
84683
94250
46456
98227
57103
72672
30559
96977
19021
32953
18287
31336
73216
26437
36331
72013
83818
48307
67310
43226
92069
44453
95772
17630
58493
80484
32874
24016
84781
98412
1447
85815
92661
64254
84041
66116
36925
14599
63092
72297
63904
81379
19985
53471
24167
72667
25484
24337
37326
9145
67562
29394
53597
79685
63376
12090
76520
12601
36105
61300
11012
53903
47114
20025
34508
47506
2492
87784
78457
65583
60081
58712
63313
96417
12182
3832
69083
54017
28168
6408
63161
12081
52154
16758
91765
15529
45199
84636
44481
81303
45936
71845
51558
9401
91869
86065
56907
94360
73849
51715
76294
50281
10426
55959
46697
22607
59790
15779
76624
4309
38539
39784
16389
90692
72893
24505
22572
18091
25492
67052
15746
71427
38896
67303
80828
47116
69719
54086
41475
43567
5800
34121
93847
32577
90079
40543
55183
49868
72674
31806
70528
11212
87942
3268
18255
60834
44124
40826
95277
69615
24229
11022
41042
63125
94676
38221
10240
64394
8658
68067
24313
30809
18539
18159
63385
8617
75054
18567
74836
64079
66725
45363
75290
54666
64982
93544
31851
9105
50721
27127
78719
74949
54500
36112
54425
65527
74332
81017
29921
99341
65435
54233
30149
83973
88743
9885
8941
80148
28452
128
44226
11528
61842
19515
66193
26823
29410
14395
35927
80130
41522
14645
71431
12373
50757
25855
77900
41440
6871
24172
40781
72305
94756
87281
72629
99850
97166
81569
79998
41969
81696
24223
53496
59889
60090
36040
86711
5851
66786
38989
2333
8307
69986
73763
37032
37094
15969
31283
78533
22840
55454
35665
11496
50209
39298
84125
50058
36463
82045
46407
94783
80093
86982
64630
39981
47071
669
26692
52921
67454
65680
71605
92113
35665
45367
45496
89110
77688
76778
67643
527
32231
19659
28374
98791
58956
28850
65200
11770
10895
27959
6552
90987
14940
71181
30967
62010
88201
74010
31282
72007
39690
2887
80471
91706
64605
25966
80816
42292
19095
64810
59170
67677
820
3896
82819
76128
32745
48018
87897
43639
92328
10801
34625
7267
98333
81944
85628
2886
55953
16910
74892
11994
36148
71714
20052
17104
14031
867
75748
33125
82028
51269
801
99199
55164
83619
75326
87909
47988
79575
31547
40316
90375
66172
63934
5059
48115
49562
7944
20419
82823
99187
32413
35322
70900
52464
52425
84930
69682
44524
34406
51709
95793
35206
67259
50956
35176
42585
38864
99516
22159
70411
56183
28885
52934
20116
33943
17400
86029
41887
37818
68851
41073
70230
4172
28325
22693
72949
29606
92374
17472
64012
60434
13264
15569
27693
80572
67097
86629
19435
66612
8787
6197
22794
37671
59130
59261
87965
76529
45290
29851
30699
14140
87276
928
34664
15600
39973
23964
61557
32346
41435
25568
9132
71051
57489
53176
67974
24585
39804
87408
7548
64942
93605
46693
18964
52734
5953
6928
45615
51242
36779
76313
81734
40406
93592
32749
72357
33564
56712
33913
82262
14498
59481
7745
1900
33321
60920
69873
57905
17075
73633
81804
82016
67237
28496
979
36322
34448
7906
98288
2042
61036
90952
127
1441
84544
49227
73797
34459
5938
7710
33072
36787
83542
40816
55039
33214
1735
41263
91118
18809
14895
72921
17176
98483
1416
18154
51157
52215
42412
49444
70608
3447
56748
70734
21240
57643
19960
95036
92101
42249
19097
41525
95388
18990
82340
50426
52203
427
91688
59672
35587
6583
48944
52763
21417
66711
87268
72573
18926
29679
38369
89533
49478
95116
76619
87069
52758
12930
98456
61210
55179
17553
2734
50566
36542
1426
991
5097
1852
9030
64768
37438
31964
13712
90200
53381
80422
93820
25953
15699
39850
64321
21584
89327
75788
98202
92747
28545
11131
91203
6107
82661
8755
25192
49578
61648
26617
66920
83096
28468
75950
47864
82258
7913
77927
88809
61293
74700
82628
3598
90399
22478
84270
11982
28156
60058
26535
20903
88602
54017
12105
11060
36678
37211
36252
86255
98858
62868
53175
81954
7688
45476
46169
89945
53388
24095
78753
31033
98794
77733
34630
5544
210
18899
33877
44717
95308
60411
65619
83910
14428
94075
11321
67457
31285
47572
70063
46495
26792
39589
44800
50831
85064
90968
57127
54804
31414
52231
2188
46559
29963
53169
52103
46524
88419
2331
91241
83727
62742
73211
67636
93521
67286
95308
77329
14922
59232
47391
61416
86023
3332
22567
53205
4747
29886
10331
59550
77651
62561
78089
24210
8876
31257
92664
55399
19676
94994
62991
3402
74087
36202
87389
67607
19839
82696
44935
51112
41927
8678
12528
44301
12009
51446
97505
33107
81332
7835
9009
58982
86748
87097
99543
95623
18354
8558
67373
38029
3552
30364
41430
93990
82917
28818
77949
2755
27865
22883
53866
86144
47912
82745
30444
76272
34191
27949
9379
31874
52135
18387
7207
55234
5483
6750
50856
23836
15307
18229
78216
35210
48592
19645
45552
47860
64814
23500
50614
9031
46382
20831
95174
10646
19928
25617
3269
70470
69917
12647
18695
38404
47385
25901
93637
69220
32650
60845
9407
64309
95425
87623
15870
60368
23619
61421
8227
4785
84920
75192
13815
47654
96022
25340
58299
32301
50956
61567
2770
37225
90566
21464
75628
54302
47365
85616
23521
96366
62812
49280
77026
58236
36902
92896
18603
76872
54316
26829
81656
39236
2020
11822
3241
14394
37161
77891
46694
4469
55809
65816
41693
62726
3631
33672
17028
67347
35639
56900
63713
98451
6179
40738
56686
59432
49985
91641
36304
4301
18469
17959
59888
36841
46133
79480
51234
83293
57370
14279
4113
13178
80094
62157
75904
83725
95828
9283
51071
47819
66182
31135
62621
72361
88225
19306
31792
38209
10946
84447
58861
45767
18758
35100
82607
64890
30931
50192
64534
88300
64470
68647
17830
44564
30803
93733
44640
42983
19367
12062
90801
85548
43197
53421
74260
47773
89078
22404
2333
16376
6850
77546
78494
25607
12645
61100
90496
59928
27643
55030
48227
92112
40028
66056
53027
70830
76140
97666
13812
95506
26080
20964
97406
85628
90736
71665
33400
96166
94068
35732
12541
17270
13277
91034
42876
42274
68485
49724
2201
12479
21105
66779
4590
61132
49187
57617
48313
41678
71634
78477
53536
97713
99440
50941
99692
6528
38957
33091
2693
49377
85175
31585
66646
14803
38970
25873
73428
7454
75596
91980
19932
96700
58759
40873
74183
7945
14841
22496
65974
86475
972
19509
539
16763
70449
231
39642
9406
49673
42334
58782
34847
73918
41779
66002
12887
67651
39429
36692
59599
31409
72975
56298
6519
13848
46833
30815
45040
85680
96788
31514
3003
16297
48405
19765
86745
64987
75759
12502
31011
18092
87635
65858
8362
45765
48211
21248
13416
87639
74292
73014
35399
47266
45663
41917
77465
92495
89083
22505
78174
85871
70370
81176
2167
35126
17293
5263
112
93051
34117
31123
27494
21751
13332
35855
67516
61542
57103
97283
65532
47746
70296
17283
95011
32310
59199
72476
24805
48282
11332
19330
50504
81701
16858
52670
16827
50502
74284
33290
59904
8400
64412
87397
30151
94095
39604
14018
71988
13058
11300
37520
60803
97947
54802
55813
30256
30352
44640
71412
94985
72323
7094
45488
54024
23951
14509
87202
90804
88793
20491
50707
13544
1255
54455
60046
11701
94058
74063
83689
7115
1714
37560
67917
99660
8713
40082
46268
39064
1073
17679
50401
73396
24772
12240
43771
65074
43101
30972
55877
48245
67814
22935
61788
69068
93742
21834
97121
87799
95896
80809
11266
13962
18368
95534
13621
27080
35615
59888
82495
53040
93919
32895
26435
35042
61487
70205
116
4587
17528
72344
52831
85341
11631
14618
70761
5372
52803
67881
9522
48699
48689
20787
79012
83408
16321
92632
10487
68287
68872
9333
21326
79142
42228
47760
14183
20066
34316
14298
24652
51843
2994
93834
37184
14624
24803
7944
19995
77606
75824
45868
42656
40864
66655
21667
24271
99327
30650
34757
67613
99521
60441
88939
78662
19020
53050
92845
39085
87366
23494
80088
39208
42839
73921
92743
57462
98724
17038
93808
92681
92861
39676
35336
50076
22682
57002
74346
22008
87651
25454
89620
3524
85895
94910
82185
4914
64312
91381
60351
51677
31227
40438
7236
74065
14359
16331
47879
29434
33368
58038
22114
42581
14065
57449
92656
53098
30802
83354
75105
18452
8807
81077
21975
11053
92338
20512
32319
56649
28244
92669
8325
75822
33106
31913
66239
63816
48243
30469
9601
97962
88506
48066
40542
18923
21866
49550
72020
52667
32903
63477
87471
58061
44553
25797
85466
36890
62660
17784
93539
90904
26804
18215
83077
59909
66479
49315
40077
31073
96135
66029
29035
993
14095
85928
19915
35960
51829
8286
88627
84731
71762
76097
59144
32666
18245
60961
85908
80905
78744
79446
88160
5547
14012
71236
81807
96843
36903
38235
27915
49389
4264
73301
50381
18358
59229
86647
54317
11057
94933
59295
12140
83046
51743
87635
15712
69988
48595
1619
50892
27338
97416
55403
49236
27779
26638
47394
24621
79892
1981
68888
29281
6244
42188
79661
40953
17768
82660
95269
28825
77592
70916
57316
60637
22658
44950
92700
92645
93544
10670
59888
37233
8085
15290
2820
52216
58280
66565
76836
54523
68545
62075
83803
74788
4263
79816
15740
22030
62475
27361
67206
56418
98276
24521
33406
37285
85822
26106
46282
95717
36775
6169
49301
61212
37811
52120
13427
12442
18685
6614
66964
3581
68689
50767
94721
89303
46934
10460
11332
25760
54172
94890
82177
68799
35762
15582
22436
21584
58039
68717
17300
11166
91237
66601
72377
45399
35072
2155
57840
70108
25120
24804
73689
10160
91922
68409
99462
55207
95220
27146
80966
65744
22035
79494
50894
57796
11427
73329
79379
85818
42045
13031
96983
49634
95983
85711
95032
47406
87865
52872
17514
29336
94027
7554
39496
2300
75962
38957
57506
87533
66102
54823
53276
88136
34316
4170
45932
62094
93850
41662
47911
35895
71044
44893
1880
83378
30603
13263
30784
34819
82486
48297
64155
76512
55850
3650
78811
48163
42606
36316
35695
25060
91138
5323
13195
41805
9492
75478
3899
19693
33492
51809
71939
4535
13054
73818
87913
43656
87081
18696
94827
69566
83344
58981
62430
39193
78982
41240
3707
37939
93908
39401
62998
1397
44723
76193
43202
70566
68022
63452
6611
1513
15260
78549
6048
44665
52367
10312
88321
55799
45359
99499
25364
28702
58479
87793
84246
53812
45385
87952
91750
39292
43704
54748
57040
4779
47292
241
91696
15313
80044
98306
16826
11656
76855
39225
56320
45573
65888
60992
1371
11246
60490
43086
39947
35320
30879
40544
89131
92615
28495
80881
48258
88550
51980
5297
93328
99271
21890
1376
14583
1933
99681
47760
13588
76535
3336
69908
38459
69223
30899
39829
80468
7741
82915
36766
43060
30145
77309
48543
22759
22155
29423
87368
10705
81402
92664
20384
97024
30905
21759
11606
32838
37792
75718
62777
30678
79053
49036
69137
48276
79935
8965
45095
4027
8231
81861
47086
38375
75521
95628
77485
97676
41402
64852
24732
39155
57516
61467
36178
4772
99578
64136
37609
37369
39853
16738
68046
35257
65773
53534
83532
62059
62499
28627
66085
70729
26839
13171
25456
2359
25150
2940
34
82904
84144
41117
22058
41659
2584
74588
62782
2161
55075
391
55881
94927
17128
40278
46535
99252
93812
30067
61311
56310
75045
27395
43390
1883
56917
85197
4241
98419
88137
20627
81322
72280
78095
19731
30290
80678
94318
93071
99190
49392
9813
71422
60670
43292
11700
7205
58896
5511
53623
20206
78172
45019
63952
37913
46901
37221
23110
67493
35639
27598
4471
33312
99877
82566
53042
46518
79595
47360
55940
95137
13103
82105
66558
73773
41748
94609
97329
643
119
50951
37200
78290
95969
1152
16203
59221
38372
55664
43065
90362
83261
47536
23673
99489
46453
93066
62358
26047
40425
18297
37535
69880
16753
20445
43652
58501
15053
40980
75495
15172
8282
12695
9813
20602
30198
42367
96174
68569
14382
39238
75282
97642
3125
98954
97130
49577
92019
59487
91976
48796
94136
29510
18675
27240
49954
78678
2092
81359
36009
77587
12882
44290
6633
22694
81243
36830
81413
77416
21750
95794
16653
97031
9788
19778
12336
6917
85706
20706
82756
77681
69501
93243
7191
4527
20482
73496
99556
38926
54854
35564
16512
67735
96205
23144
6781
77447
76325
4545
54862
98074
16690
87867
95104
26477
23996
7439
49746
9701
44496
48853
87382
30349
58447
10924
34875
78928
771
50783
17853
55625
86346
50716
39711
82551
90211
62843
59997
66535
83739
31211
80960
429
19077
76063
43257
43072
99853
9354
69124
60701
74558
56505
91049
33004
67428
42275
28284
68199
93057
62488
40175
79403
29556
96237
78305
19766
75432
54653
2653
59170
85863
99964
75950
21291
92379
19207
80714
8583
44912
49838
69283
19470
6342
60331
68825
90122
2606
97108
74672
95662
75948
31198
91416
5503
27434
69720
41620
19217
24373
44272
78387
26587
44236
54336
47878
52966
89894
44943
61548
51158
94780
30831
70627
17474
91161
55803
23947
10118
69263
14970
22132
45210
46167
13547
50712
89952
99619
92331
9169
40343
52955
3907
66929
13542
58242
31158
66507
64488
92453
28054
15645
3584
58884
2623
21057
66397
58425
61355
76514
27687
76324
14997
89248
38842
44896
39959
45146
44514
48642
54314
1208
1596
74572
84488
31489
32813
15646
14347
97300
24450
42400
29296
28033
17636
31918
65442
384
90343
26796
93249
34381
19472
8246
23629
58313
53141
79939
19810
14006
28580
74123
15213
46527
65046
16052
94367
97859
31697
8713
11510
72498
67465
40806
531
85100
72723
65972
1835
79417
9119
95083
30150
28590
3328
53778
3255
72820
50068
23064
3177
95000
13539
34741
57878
78584
50793
52245
92794
98841
77309
4304
71339
44773
61461
71869
46224
50535
37840
48058
29952
46958
43141
76453
91900
62820
46582
11506
51992
96649
34569
55168
91648
64459
89909
49526
59395
40701
18122
52188
39541
95430
72843
10879
56555
50655
82747
2778
1190
36938
67188
47493
248
10328
23945
8499
89499
70526
20004
41490
83526
70924
96658
75174
35383
2918
41051
11129
43618
75524
79668
99510
87305
52511
10389
43859
19517
9487
46637
20706
62777
13824
84550
79376
40503
24846
87874
46353
11723
7877
87843
95249
78800
852
86774
30534
3769
44176
41662
47386
19699
21330
63247
7003
90192
89987
67214
9708
15826
13850
46766
78602
44025
31315
57977
879
72513
45850
47231
84235
70078
51425
79483
48877
52276
82608
95763
56044
26783
37424
19781
46481
75105
83028
69836
65296
89366
37049
91356
5191
67250
38121
144
27626
85787
58120
44856
58299
20321
92086
42534
6750
43511
38368
71979
12138
37328
67741
68182
64110
21516
4314
26943
96621
3693
96778
78268
93059
50178
69623
14601
33779
7743
14745
61404
9882
89216
6259
68180
25889
14696
27065
32638
74558
81785
4616
86696
19112
72356
71229
83221
10224
75542
26515
6844
95587
39644
85111
4997
89821
71086
19597
23599
78828
34341
1354
5061
39909
7612
73241
65797
38660
16657
98434
13217
98441
19402
99912
33904
91757
71140
33477
18332
63034
59991
25175
74972
15987
26638
79968
5807
97723
15916
45758
92902
66609
63463
97963
6517
87427
87555
72313
26086
4211
87098
39302
19004
6499
39214
52907
14608
26705
2735
32939
6090
79078
74466
97413
95064
1103
93732
17222
98825
9648
62979
8078
92608
26442
6040
99124
30220
93594
87788
56305
97805
91237
95606
33160
97736
51171
2418
28695
94228
5153
61633
16669
84230
36098
14082
95645
53552
7813
12866
52376
33812
92197
76806
26419
34990
82845
41894
65209
76439
46033
21513
90595
53622
17118
23754
51357
84641
42523
96403
78868
47675
58035
95536
48256
10485
25969
43900
64036
50134
73118
32764
83945
65314
9569
26716
303
92413
84961
65511
85203
47346
3375
92149
967
36844
32254
68675
21484
74777
65077
351
38803
23111
12239
87059
49947
38207
47310
13983
88340
36779
63098
88637
2092
72666
31704
18746
81430
16664
608
66633
64009
3982
75133
81327
40826
7387
50001
62309
82163
15077
79012
20965
54540
91250
24375
4486
45808
88037
34820
50500
24815
97917
39136
26907
70582
70839
62004
68364
3854
62612
34996
67863
82945
10128
65541
23770
33866
15542
2431
16028
46970
97794
36993
1509
89043
77719
22347
51202
65755
57166
1701
90570
55083
40836
33828
42016
28026
95831
10379
31880
74794
61726
16094
57739
88206
81634
97860
22071
13527
290
54451
60497
98083
7795
62005
3477
85513
703
71031
51268
57869
72731
41837
29303
29919
92016
71318
57944
4198
98049
89823
78992
76126
22268
36730
64331
3902
50941
2754
17428
51231
57204
94276
65665
