15130
1091
29418
16904
2303
46555
1212
39674
18433
33965
32128
6478
13414
7587
26679
32730
30564
6759
21439
49297
38344
39843
38663
6431
36460
28466
36061
43362
30078
948
46066
45207
2039
25483
28463
20693
38389
29674
26718
6822
29990
25197
29651
43404
32783
6329
42485
29699
29440
30275
45347
17783
20117
361
40566
22928
28827
42978
16289
25256
43926
12354
20463
12316
37837
15277
49360
42577
11302
26077
49398
41291
17626
45401
1046
408
1729
43531
46458
47520
23805
41805
15303
10274
42165
22220
33201
37343
15197
49490
12599
25474
11843
49413
4141
16031
14689
3500
24960
25990
45929
40709
33632
13554
36109
34678
30313
37838
28208
26771
1709
2012
34927
17011
12285
43443
5582
45486
30786
37131
11327
43384
12604
39521
9148
33097
21904
23836
2948
46863
16177
48876
37571
49808
28781
23680
34485
25446
27869
12692
18568
29577
31056
3494
12940
9692
13288
18521
5177
44073
5651
32855
3808
34607
22376
12955
17703
44279
3142
37002
7493
35670
35878
45063
1830
31010
35094
36314
6455
12962
15358
41374
8891
12765
11219
21830
22456
24507
6702
27633
18579
28705
26839
38739
29663
49214
18045
13717
9844
37539
718
17336
23208
2947
12399
25037
33957
47492
27703
6763
26806
43060
48137
35696
22176
9355
23877
44631
33861
30578
38615
18792
25634
15454
23882
5296
14667
41926
19012
24511
29464
36082
8198
19024
39028
20596
44060
22984
34440
38114
46099
11245
47525
44235
13292
19700
19941
37168
14331
20154
34097
2945
38945
9731
18398
12826
31378
49417
21103
16742
40279
567
2823
48476
35942
41850
35424
46353
14834
19863
34467
27284
47459
31991
21518
10750
1691
7810
14269
32373
27963
48365
35317
33259
24447
20067
12436
5825
19483
33539
38918
9761
457
41740
8236
36398
33589
43659
32750
14774
29873
33568
42057
43683
15559
29926
20784
33601
37736
1404
15973
15698
49769
1289
15309
40567
21355
27744
12743
7189
11282
1660
16949
28090
43399
41537
30839
43340
1547
29941
8113
47772
13508
170
41454
29066
30095
28590
29018
34182
29993
44990
16232
46113
12631
31540
36680
337
9283
15774
7526
36917
17434
40826
15006
27184
32362
45845
20523
261
25785
44988
48032
5644
11509
5837
34710
7955
34426
30079
42137
14419
25069
8368
10531
4051
39907
47210
4387
49189
12984
28264
36105
46769
35442
17463
40304
34155
29659
10827
34415
21795
22166
32446
27438
33674
38283
12147
41628
39060
42226
33764
3478
33646
8483
14009
4048
48389
27570
24786
13930
40553
3050
16386
3673
4843
33848
43977
38997
29858
21155
39764
1652
9672
38561
29090
43345
43195
7588
34972
32255
16165
35088
35732
49810
9922
49740
3857
8311
27310
28643
38592
34214
48044
4977
4239
2886
5177
14567
8234
35034
35721
47997
36686
45392
36558
15775
5088
29752
23362
6411
12006
5879
7850
14090
5688
17772
30181
25897
42434
7490
20891
31025
8056
35286
2353
28646
4523
7529
43212
12756
8915
45284
27105
45600
7027
13662
27726
12114
9765
17439
18524
38123
23317
26374
2212
45357
10497
32392
37605
2930
6234
8495
306
30641
43780
2658
9286
48302
26539
2497
27409
35453
14132
4513
47404
21158
34526
25129
33271
44291
8919
18146
48765
32236
10871
17328
43944
37719
16071
31548
40648
38656
6394
40953
19296
173
9963
44933
14826
36501
13781
42234
21953
27912
13099
19356
15421
47624
10836
48691
8266
19754
33189
7030
18341
10411
40709
12284
48130
6780
10183
5129
11787
16576
46082
31083
16748
22396
42367
47925
8896
6148
40159
30848
411
3257
16555
15832
17232
27390
30874
25498
13495
30414
48879
31836
40825
39588
44119
5306
12719
20654
10434
24505
37229
22867
5587
3977
45262
14306
18253
4157
20453
8411
1356
37215
28019
34262
3046
45251
11651
272
20748
25146
30685
35978
23333
37861
25565
33803
43166
38283
4456
19952
12788
41685
42818
34726
12013
4432
15383
30265
24940
2187
5028
42648
39402
33046
26909
8799
44648
38560
9070
31747
30057
39755
17725
3389
43967
43289
3543
37133
47924
7999
7084
27063
49683
16253
28140
11695
20684
43523
41959
45624
45709
13338
38271
35110
46384
31531
10261
41031
20090
19330
22778
16498
25436
6854
36238
19403
142
39781
22887
14417
47779
29970
41479
13813
46222
19619
41859
33258
29493
169
45233
25201
13507
49855
26663
9890
31385
36923
17272
17827
22604
6401
676
14392
13254
36914
33794
29748
43046
6680
44164
40824
3001
1995
20988
15574
21613
12846
15183
17457
13014
10415
42657
26520
26621
35671
36409
8006
38945
20033
42184
11549
26433
42859
25940
39687
46124
26085
35786
39169
49116
29949
29992
18468
31943
979
34041
19907
30176
49224
37363
43190
25990
46372
19709
2611
32042
22470
26968
20987
42502
35503
48887
18934
28361
24826
24972
24485
17262
10757
13653
16377
7058
9997
34844
39000
27327
35236
25259
7503
811
28973
692
26801
25344
36752
45763
7386
9221
39082
44724
18074
24584
43610
3360
2944
34787
28331
43780
2048
5440
7433
34776
28849
33781
35971
34200
27459
21206
9458
34961
22017
38431
2004
15169
13774
5108
27283
37511
30680
16364
32234
48754
40947
25843
2113
10242
10629
46795
4022
29028
18586
27806
13803
47434
27938
49773
31634
5396
37331
41091
6709
25699
45873
25064
40867
9647
30171
18149
13509
10851
34512
45743
9604
41810
37937
28068
2051
48566
24862
22424
27593
43448
229
7748
40881
44518
7520
22514
49914
11202
29957
6622
36900
25829
48037
27766
1827
28208
12266
15336
5410
13129
27430
31365
4938
15366
9432
23341
13931
645
45764
7876
44092
12345
31975
1325
6862
39494
40190
23127
17048
36498
46100
3947
12327
44137
31713
30505
38696
10330
12192
44105
23459
39621
25469
44748
4987
1252
18088
35269
1896
30204
9496
45988
8900
41470
13664
32113
47316
20205
5240
14363
6703
1339
18309
35381
11827
16373
15885
522
26703
28077
44626
16513
17697
36446
11260
39035
37697
29348
24304
39593
25903
151
1932
34802
41621
15595
16914
38936
35799
22153
19650
8853
39844
37958
44233
1670
20683
10118
18544
47385
4546
13169
13897
22242
15967
41508
27629
3663
37207
18284
43255
13109
18434
11538
14262
10054
43484
31176
15341
45635
19680
34990
4487
25875
22948
48720
43897
9982
25189
12440
7366
29734
41960
37614
18327
7926
29121
45955
11589
32680
14238
21195
45788
32672
32733
10050
9077
26216
7577
24418
21850
27256
9407
42689
19483
48706
41408
13379
8687
16596
25818
32404
46329
17777
20017
31007
42055
15490
26962
3643
48169
7551
41189
10308
40222
23921
36709
49299
16489
44285
40068
4690
37893
49474
47378
7375
14532
5137
20753
39570
38084
12922
21974
764
30698
8342
31771
39104
40183
25084
42746
4703
32634
33935
15011
39208
24207
1719
4858
7047
46004
44925
28089
248
10750
25466
7622
25281
46955
28374
14851
35038
41295
3176
35802
38344
11517
33924
27448
1700
9007
36545
22754
41640
36831
37764
30847
27390
5835
35704
34436
18190
30628
12524
18437
7730
4342
26058
33010
1296
20783
14212
2685
28429
33739
4838
33124
45256
38761
26923
13307
47767
13468
36060
39407
16650
40176
36605
44039
12362
22309
28475
30551
19288
7350
15339
27017
11691
41396
26379
29338
28530
6942
32023
6958
40681
3212
6433
2288
41973
33356
31946
6091
13175
34357
45497
29824
24532
48454
23863
36893
20762
18689
33795
6401
26038
49133
49770
4081
6880
42500
33418
35409
49441
31792
8718
6473
35004
15151
8760
43328
48506
40705
49418
11680
25062
11267
41503
15945
9720
31717
19190
46833
16757
2984
19585
42795
18469
19354
13227
25348
11853
12996
27109
27646
44788
35826
34118
46143
976
9230
5822
49481
16286
5239
27512
7699
32857
35367
23644
42576
17083
9185
5760
33840
28520
25345
42986
46988
44698
6212
38688
22903
19207
15796
548
30346
1621
1017
42840
2597
10246
48661
18429
42884
20252
12293
582
3108
47659
24225
12036
31093
49761
17795
14932
28281
43139
24269
41620
4189
46832
30307
27091
32391
46102
43990
29088
47723
11358
21928
16671
37956
36940
1451
30839
23543
13743
31420
43003
11401
21997
5038
42494
21757
22832
23777
16389
32323
48046
8009
36511
11229
38315
29953
43619
34417
40294
22707
48491
1651
10986
15161
5958
47925
32963
36796
37820
46706
34568
30822
24458
6564
35859
16951
44672
25042
7080
11061
23716
21477
35421
10226
32705
23735
6530
26324
24503
13175
15382
39345
14826
26367
4505
37135
40643
3820
23931
28462
525
8498
25635
24982
31413
11493
8285
26084
2887
15364
3496
26602
36840
5268
3180
19544
29003
26061
12219
19857
39236
27600
9202
20413
3966
30058
7547
10961
33877
47829
5774
34401
6326
31409
25735
4090
9253
34019
46526
12139
49382
21
5093
2573
5289
24624
22116
643
684
34335
36851
6271
28286
46052
26683
48604
26110
582
9564
26338
48410
15337
27091
21088
46745
2825
25177
5998
3195
21702
34488
2576
38075
5932
21500
9715
30555
43615
26709
31239
44301
13559
3861
38939
25963
30544
37542
18424
47477
47105
44761
45886
28793
21851
33325
25538
41027
8502
47887
44221
46555
48726
13148
34629
4658
34647
44343
35212
44614
37403
32802
5266
962
36663
44204
26924
33558
31745
45347
31034
45201
6459
43271
23994
28310
26596
49531
19336
35097
13769
29909
31651
12494
43056
32632
33503
27703
43326
18715
22316
30729
17868
43933
48042
4530
38137
24965
38087
19881
36663
35472
31434
43121
28743
5427
37782
5338
21309
7118
6786
35077
37026
4788
13922
46433
37419
47425
24135
30745
32491
12802
27825
358
6735
25866
4888
11223
17182
9326
47455
3844
44798
28888
13316
23540
34314
1098
45229
5622
8215
2014
7050
11592
6801
20972
8024
10572
34748
48511
7668
17238
27664
35492
17595
750
27709
38834
11972
44890
48160
25779
15085
9309
4666
28400
32848
5332
29497
28076
10953
37711
46441
18003
15654
19593
5326
40030
30164
40073
4892
37831
23662
32555
39674
7608
49657
17382
46442
27980
12271
10953
3758
27355
20261
24776
5755
3108
30107
1603
47535
41059
5666
10327
25413
21319
29919
47090
27700
10083
3514
32591
47913
27175
31498
37587
34783
31154
21320
47576
25485
33591
8528
29243
27297
28788
20370
49403
48247
476
1006
12133
7886
6671
22459
33299
44341
2377
46740
22041
28811
254
20983
43076
43780
18832
47014
44914
49985
18333
42489
41822
1923
17368
37416
45572
46155
7785
11326
10753
8260
12331
22885
16145
35353
45343
15795
29694
14072
12535
18086
42882
29140
5420
35957
39271
24252
32970
537
40588
1303
9377
32409
19577
26745
19824
31500
39251
27608
42826
4
2219
5156
22888
34716
6861
18231
510
36554
48654
29396
20991
41535
24887
26410
43844
30510
17013
43165
31046
7601
44467
40422
40009
30396
17166
26185
11895
6417
20144
4720
6420
22363
26228
29307
23430
33088
13889
40291
35993
28894
19687
23335
20429
10925
16096
30624
41434
33109
23788
22479
40709
34607
12901
47069
15002
46418
39605
43248
2834
9749
14320
25605
48463
6899
21264
21892
39986
1504
12182
42330
30398
48220
32016
826
9145
48111
47801
16930
47571
21588
39409
4631
6194
18661
1700
37547
15078
41304
30795
34264
17404
11466
9868
15866
18364
47483
4109
24701
48987
16291
17030
29384
30862
15397
30209
40006
29859
28009
23288
27430
15948
12696
32060
22142
47708
33759
26040
12785
41415
6834
13400
8818
18299
39620
41036
36662
37102
45144
11362
36088
11434
44743
15471
8648
26491
12031
15005
6350
6391
38292
33779
22339
987
15838
10832
15046
15949
36871
27831
23715
10057
7582
32532
28355
47201
23567
31369
34303
18711
9082
20390
46496
20177
35861
5143
46667
47891
20148
3016
4282
8439
36794
42972
25778
18984
3803
40823
34932
40673
35005
24998
17081
42587
7529
45436
39787
47448
43156
40441
32510
18589
10831
29005
38765
13043
500
1784
10933
36999
4799
31566
11789
7945
24537
3918
43280
44691
11093
44563
1716
12449
19560
18796
5035
27088
30583
11174
40887
23738
1614
23396
8679
28796
18753
13795
41838
35604
15578
19123
22602
36729
688
742
11025
41577
4660
4304
36267
32104
48866
4334
44552
18425
23130
15939
11864
3712
27112
2751
43802
45077
26146
2480
40225
44898
16274
32062
46853
48204
17536
19454
34932
34576
36548
45956
26152
7559
259
28770
39662
15476
33104
34213
33900
22585
151
45763
26296
43614
48513
20097
5043
41011
22576
45267
2260
5202
43680
49113
3405
11216
34918
4688
45791
21465
643
38294
29023
17253
33415
18684
32728
32870
19249
32979
5454
19399
28741
48102
29365
43606
18198
34407
968
40774
46025
3227
12327
39704
18691
15731
17271
3609
20418
29413
41425
37412
34058
20448
21016
33825
5483
3743
16694
41083
3073
38500
26834
48165
36601
6198
8122
4798
6956
9089
11923
2980
28668
24249
9035
47358
6331
26306
17318
26748
5718
8743
30511
39776
45542
1526
39952
17376
21620
6645
8459
24692
11496
35292
22857
48096
7841
30978
19246
14796
6419
47520
17775
35086
38121
26809
48795
44451
19466
16113
37551
25184
41207
34413
31311
3100
35939
21262
20475
7558
44258
45285
48602
22106
30576
37810
36553
4768
35139
5798
19563
41557
19670
3689
42994
7790
30498
41789
18592
16315
24253
22494
41498
15459
6907
39160
18558
9197
26773
5384
33106
37383
669
48059
9488
47596
35868
46040
2364
37359
18190
21926
45267
37859
25615
38261
12000
22464
46401
46943
38778
20653
35789
46628
2463
9047
2139
37372
18243
28912
42755
17700
32646
43423
15759
42133
41019
17978
4524
9734
5336
22713
31659
603
26923
23625
5215
5274
46088
1615
2217
1218
22267
38005
14197
41081
47051
16335
28452
31645
11598
21206
15696
44243
30981
47806
2727
38351
15784
7251
48084
37471
46315
46094
4425
23238
19719
9639
28511
32158
11253
47079
33375
49871
35083
47571
40951
48485
30258
19402
46481
41855
6960
12177
2450
37940
9982
5176
42642
42117
28778
40725
29588
25093
36818
364
14682
22888
10003
43192
5046
37607
40271
4772
37478
41705
18695
44780
6542
48952
14182
3022
7158
37493
31550
9607
41784
7884
31135
34425
50000
9912
25149
45939
35004
28318
46303
49685
1206
6305
9229
22603
43911
15851
27374
47740
23907
46068
42520
30448
11371
23053
49822
18529
10545
31371
44487
2328
39254
25621
3104
5606
35533
44604
1544
36888
22921
14198
2925
40478
36854
28505
13080
47117
44355
6806
44856
18261
19225
3727
48709
46948
26779
48530
15476
3675
46252
26314
22354
1858
1935
25457
7463
3819
20060
25358
7058
9333
39556
9982
49810
26409
38486
29242
23525
49192
2399
34733
17453
21623
38459
32513
18570
31590
47394
397
35264
9997
26711
7618
11854
44997
49426
35668
48815
19486
11026
22224
28818
16933
32206
44979
43341
37043
24220
33218
36235
26618
17950
20039
14593
22760
18903
49514
4349
32648
49911
5965
42644
42973
13582
20850
37969
29359
6517
3135
48844
33894
25358
27661
826
23915
38992
10519
10958
13211
43736
13544
6181
28037
49934
37125
17148
18836
36638
21497
17835
36548
43813
26830
45872
23746
47679
192
3104
20548
3326
1948
4441
45036
45960
5267
35302
34951
32137
46259
14514
25872
26154
37046
20260
26087
24170
3759
11274
10807
41607
29108
13707
35419
5938
9578
9164
19968
9770
12268
40515
29447
30567
11308
40834
42878
16574
26136
27829
48710
38746
8694
40933
31252
45739
27544
7338
19908
31302
34964
47066
39261
14071
10772
24679
36360
36702
195
22680
46471
12462
13194
42269
9380
40853
49455
2257
23778
25590
46437
38839
30687
5130
29771
11938
868
23666
19276
37127
21320
20591
34193
10580
34661
44964
1610
37373
31665
1804
10052
44487
30617
39597
3108
39996
30450
2562
8605
4227
44503
5041
43066
25189
10171
39188
37127
27390
29206
22754
14517
16877
43344
15061
43808
44356
10024
45417
48080
8041
47221
24483
18879
44189
14080
21986
34185
10881
40899
9141
31459
35401
14181
40876
26942
40703
46416
30420
34445
25621
19525
15313
42497
29220
30373
2656
23575
6748
48072
38007
14788
11644
12489
19
5833
42920
38356
6369
3800
29255
15509
1611
31007
46041
42486
7948
3096
38901
38367
37540
14521
7891
2852
23369
37110
33224
42376
27037
6323
40448
31395
21111
18443
43883
37481
40627
36803
25836
46995
6954
5090
28855
8564
36097
41248
1050
10396
44343
6302
48763
31882
37175
23005
1085
26895
26467
660
19271
19855
6982
9718
1249
44444
44512
45131
31924
35139
48285
7760
32133
21591
12849
27340
30154
15297
18587
47555
42045
12929
20209
40807
11162
7383
30163
12246
34277
22981
29257
3547
42835
36238
29616
10435
30682
24128
21918
12605
9266
20202
20364
7750
8144
49565
35089
4650
31213
20027
2204
23257
49307
38764
30415
10468
46146
26930
39065
46775
49910
18321
321
9097
4559
29937
19531
1592
20416
41448
14196
29681
11650
912
37430
19793
16828
38871
40794
14392
8897
9350
37649
8204
48113
34415
35023
44259
11344
40440
41033
27606
8760
7705
36702
29670
3993
6232
31261
24408
47680
11809
4088
25681
29072
41518
11825
45899
46740
2619
26642
5636
11968
14290
13839
10080
15057
15214
20690
42752
5653
28074
20357
14412
2131
23410
10434
6123
29642
8046
30531
43673
19854
34618
35705
48925
42487
47529
11175
39226
16499
37817
11214
44818
18458
41404
21250
49866
6617
41939
42618
12269
36365
29326
43033
38495
2736
19818
44617
48729
27863
41499
42401
47717
26117
28105
12993
34955
41985
40520
40533
8484
28336
1746
3301
13145
43149
40902
13011
49766
32841
21980
28386
35557
1305
37770
40403
4040
7587
35019
19120
35450
26518
11520
49518
18986
5976
28862
20292
47961
19381
10824
22796
14068
12569
42448
43565
22070
33350
6575
21835
32542
28554
16572
34450
46210
4342
24852
16602
11928
26222
35721
47377
19091
13593
13246
38076
19568
42108
8368
33880
11488
35543
23027
41908
48112
15475
35472
20181
15176
8398
8367
14069
36951
24938
14870
49512
45631
39721
16113
7559
15942
1834
21287
35033
15426
34533
39460
1345
26640
14179
35225
4479
49722
8251
46386
14185
40077
48209
34365
21604
6606
9083
2024
9908
372
16893
9420
46003
6613
25532
19913
38907
43717
41199
40291
25494
42083
29750
26839
35074
43929
28415
39553
10002
3017
2290
24186
9446
499
24902
31049
7104
33984
49425
17012
707
16317
42783
46709
39282
34666
32973
44540
28383
40524
34830
20228
32606
30931
13418
17680
41211
8184
23584
1212
11201
25873
25397
20646
42723
298
18046
49827
633
33822
33190
1340
139
25972
14400
5772
10637
47373
311
5371
37896
35140
25599
36853
16070
5368
4532
7281
13552
44467
24844
24752
20340
241
11749
13062
538
46146
29240
1171
29968
12429
18862
46458
38400
33261
2229
15389
30633
18891
20759
34880
4030
46357
21733
36451
18077
42616
10083
31628
37083
34927
22731
23774
1519
34479
36835
18408
46976
32427
35930
26943
44855
4791
39752
49607
38052
8332
14995
35036
27222
35753
19916
47603
48462
8000
34054
16538
615
10488
48165
37697
11766
20895
11470
29636
21725
14657
48044
18700
47083
325
11995
8289
5116
18098
7895
9519
26430
22889
10906
3651
24994
30821
1254
23455
38820
1659
6344
5787
12146
20860
43483
40264
41754
21305
19899
29830
2313
34294
14881
49395
34619
43227
7683
6086
11325
31930
31956
4106
4818
42861
7756
46163
40034
9009
19617
28853
27019
42312
991
39165
13171
44474
45780
21276
32130
15678
1105
34442
49972
32338
188
942
25564
24222
7027
3240
6151
38982
7345
27321
31842
31453
39835
21875
40461
9452
17080
33832
18115
18070
22996
31286
28895
35127
2561
27376
804
3666
28169
17127
2355
44708
18068
44270
18930
41446
47510
41432
30427
21206
35104
28621
2658
24939
16847
9471
742
33926
43302
18856
18348
32649
141
13594
17775
19054
7322
34930
22719
35490
18409
41425
30198
36476
35694
15479
27922
49555
23262
24700
37113
8366
19672
39770
49656
36519
15592
16749
36796
25245
35604
21495
7893
2097
35089
42019
21150
8762
43301
10220
44251
11709
1644
40800
48184
3689
6278
42457
3244
29540
33509
40356
4257
3180
46477
3912
39698
28421
37012
26494
3665
22615
14340
27910
41063
49428
19928
28564
8189
29580
38783
18792
41288
6778
25943
5824
26819
48573
14632
30062
44464
48140
36769
48720
17672
49597
18983
23721
28017
5994
16566
31682
44960
30906
25943
2375
30333
12222
30938
4874
41802
36073
40017
33089
9202
15959
38912
36020
14531
3544
32433
25346
18035
35553
24065
35706
35150
9399
9427
29518
15392
25992
27551
26704
6897
3493
29078
3582
15715
10015
24807
7516
12439
31175
6956
21641
47133
45868
7660
28016
15763
40093
3361
33797
25645
43778
35855
27146
3176
11633
6664
34920
3976
34214
11623
27225
4059
7052
30806
19773
33418
21964
43640
45857
3138
595
17497
16622
12814
41508
44637
28576
47952
14350
28725
39949
8127
30931
17094
27654
42563
40109
28925
46538
24323
6899
23762
28381
13950
20919
14505
47368
9234
8144
9576
12371
25090
43424
28993
37904
34931
39981
32831
32883
4330
27907
22831
28808
25189
6276
22814
17751
46385
1738
30641
37059
8637
20754
31791
38938
8025
12647
2657
17258
37142
12232
29629
12231
5655
24973
16486
6938
14953
15669
39820
35635
43575
29002
14442
18764
35277
3607
2866
48013
5345
49858
1423
30333
36964
33213
19270
44988
12211
21927
28597
49352
510
8225
11583
22517
49549
44420
29454
14502
10088
19273
136
20015
14626
30929
5130
16254
34536
7995
14267
6232
7853
15689
36564
11168
15254
22185
6155
43816
10463
34751
43168
10973
9328
21102
33489
8876
15521
12942
39729
25609
48566
39864
11975
13191
37145
17104
29444
21680
25098
10062
44263
49302
42103
30826
10469
7356
19362
32975
17523
29825
34078
10690
40797
43405
31791
40637
18632
13664
3578
8361
39272
18495
48224
17598
31685
1720
34701
27480
23399
26150
37542
17661
41804
29644
14838
18624
3351
34200
1599
20873
14024
35676
31563
21172
45432
29705
11808
14063
43368
31737
38775
48991
16583
36999
16588
48267
5070
1288
25746
28469
43790
13287
12481
35593
42930
43671
4216
12632
27870
5814
33505
8245
7841
15067
29416
3272
11123
7575
33687
4491
5663
22461
3481
22245
25811
20069
36863
30881
37708
28960
25701
31497
42247
38181
17089
1528
31851
21305
14160
26072
43470
47664
34316
1311
29082
30083
20934
40204
4009
20972
11046
9671
43433
14527
48267
35595
947
35129
16475
38654
14089
8527
20151
22687
13060
3591
24214
11262
41247
4725
37334
34717
18740
38001
2379
14173
18084
39664
20729
22092
10636
31774
48115
20420
46300
46381
6014
47246
31510
38841
2252
11950
13719
38754
34636
26778
42344
25201
38040
33591
29926
25373
34659
15017
29725
3389
45542
47808
43052
16270
36252
3687
48043
34366
40458
10695
47098
46472
24292
28607
1664
26543
40556
15382
15296
41543
42160
23992
16744
46551
23934
13021
38275
24944
28037
17999
28332
23578
32159
21383
6199
18410
41422
4242
19127
31879
31288
16224
44702
5579
11183
46365
48474
18090
28099
30121
9633
36610
20464
26376
33160
44397
39396
21434
19340
33784
5784
14023
23714
37942
35406
29912
22703
26827
505
41829
25057
31792
24405
19759
3723
1939
32475
18548
20028
10573
48668
29660
47182
35484
22387
46693
46232
11782
18126
31924
11918
23910
45946
35631
28203
31351
15542
906
24529
16047
9086
49586
14190
33490
35696
34264
35428
18170
2811
21808
28743
17831
1467
42276
3314
40206
38969
15897
18339
23446
47820
30256
13707
43766
15886
41910
41468
47780
42815
32349
30178
1900
31934
10719
1742
33981
44983
3521
2150
47793
25328
47244
31975
43147
39520
1640
49704
44840
17537
18042
18285
15356
48298
31992
25473
30535
40253
16941
44666
33067
49289
24843
1318
47574
1914
19411
31554
46896
39284
33703
11040
14611
30947
43015
24109
36818
44654
23812
31657
28542
8206
16293
43898
22855
48284
35722
3389
4888
2662
14407
4306
18302
5601
5624
32227
7514
41386
13780
4409
30669
13835
31801
11632
11133
24815
2092
14302
35820
42256
45958
30714
461
28602
40963
23315
43238
26684
43055
48125
45698
23813
2431
13999
29414
24406
46226
36927
15791
26357
7688
12812
6543
39488
24443
34027
30654
42886
48328
32825
35141
10637
13538
1953
39239
4500
41619
32476
47536
34674
46952
43233
8486
49382
7231
4251
23787
19808
7530
39578
12517
15217
18741
35411
21056
43183
19438
18061
2420
34117
885
37561
44754
30775
5865
344
1626
47484
49171
49161
32157
46122
42393
6994
45504
15976
11245
35642
2135
18774
41571
14651
342
10311
16414
37749
19845
35851
5809
22265
36319
23045
26177
47424
3819
32041
47767
5445
29524
13289
4605
28032
9411
13350
1378
21266
29325
28974
6907
31459
14099
14830
12462
14440
25140
28875
18540
44985
31077
24348
33601
17395
47392
9777
14819
1211
8169
28937
23007
4045
42226
27611
32076
17988
40960
49805
5605
36636
28778
12511
18095
42876
43692
46908
23667
18832
25782
42206
30168
23210
16553
13768
40604
30297
39896
5422
47859
48064
34359
20865
18460
42936
14827
16888
10923
22139
16692
16527
8774
45470
45389
43220
4697
39081
40127
28364
24264
32260
36921
4431
5469
3474
18198
46073
122
24445
17846
47980
38860
2204
35196
7320
11491
22
24207
22413
22160
40898
5291
30934
2719
680
40505
7416
6112
30632
35779
30375
12891
22699
34805
18360
42524
19354
30784
8997
43798
48629
6976
32657
17185
8523
6328
28675
8545
30534
1088
47056
37784
22730
44341
40502
23409
34846
47917
45872
15477
47
26246
44719
22746
11050
29430
31621
46755
10213
6970
6904
8842
30297
39561
42378
38820
12240
21052
47364
42774
38491
10771
30557
11221
5112
21058
981
39957
35327
46853
21785
35373
23098
16503
24470
500
45933
6091
13606
6145
13060
20510
31338
9708
26422
23715
48527
38661
11119
12242
31434
49609
23013
28342
10829
28124
49400
28162
34432
34726
25014
22568
36450
14463
39070
10920
31314
1354
33362
44920
23851
12773
15429
5188
22480
41850
45255
21007
30510
6373
33248
28296
22333
22612
6637
49514
17087
22388
27675
1518
23465
19040
24085
26267
33502
29507
37186
14816
30860
20547
26087
4710
49671
7867
26250
22150
49716
37856
9508
46577
10580
42756
41224
32912
31719
14213
32425
48806
2952
10099
323
42769
29138
40760
19035
28992
20266
6220
10159
17477
43118
2597
38539
42788
10463
31140
31289
26530
18995
40797
23106
29574
49904
30682
12485
31622
44894
11262
30427
14197
21360
30750
6965
16850
37861
25999
12193
24478
48570
22351
41954
41687
41299
30492
34474
1761
27983
15763
28290
46977
22911
17747
42902
22814
48428
21739
4435
9673
33000
34862
23870
20711
31963
30834
3912
19823
23185
16104
44300
21754
4806
2605
13441
46104
33097
14266
47864
27431
46380
26153
24408
19290
43900
33661
42103
8679
5399
46538
18352
38398
31399
8573
25461
29713
5758
29372
49535
28942
45476
10186
696
16633
12790
30488
12737
12238
11105
26952
39669
7485
19457
30428
43126
13356
14088
35229
38386
19487
48118
23089
24236
45868
31661
49696
25580
37419
45420
25114
32712
40895
1651
49759
7527
14440
30246
36615
26678
7703
13567
32698
15187
49375
13125
24664
12730
27212
9892
17467
13050
8009
40556
3638
20228
22216
3333
45807
25986
48752
37272
8698
5998
38922
24808
29877
3362
21406
32843
46391
29108
12761
29088
10646
12135
42212
35309
41216
35775
11553
8683
15177
35913
49238
18814
6141
37805
22146
1947
30143
37250
39219
5192
9599
28140
29999
39475
47853
1404
22318
44243
30511
1430
39682
41156
13565
48245
26465
4780
34020
38017
13462
49196
23929
29051
18009
46421
33208
6506
48368
13350
10107
3938
18541
19706
32077
14891
25532
46282
16295
14201
6876
46805
15631
46558
4313
29195
44802
47129
326
28821
1497
30140
44368
41777
9190
12376
38198
8749
35234
2917
38450
45340
6854
23342
31397
5282
38233
6929
1563
4527
21129
8439
17683
36759
4996
21995
32305
49797
35475
32631
44970
36971
12770
5689
28748
38311
34417
33297
13412
19650
36213
1861
31341
43066
25203
12738
48347
29787
19666
16262
34313
7146
24700
18347
43905
46047
6694
42561
12195
42168
25191
23516
29139
4312
29205
24238
42623
13621
23886
6034
33270
10098
24246
30962
19515
49448
43699
34213
45586
29716
474
29898
36862
41525
48245
30766
37571
21290
23326
16118
13457
14869
39633
8947
19180
18837
49536
28154
32457
23421
539
32078
49870
24785
13040
19384
40584
23090
3597
36170
2806
20422
16067
39667
11947
30663
36784
15869
1952
10109
31986
31761
41329
37971
40707
26861
6807
40243
5014
5616
30015
5553
4045
29885
30337
33436
15620
20920
6526
35568
23441
9331
22342
5860
15349
34288
2874
2132
16508
4826
28592
14846
2938
19921
2816
43644
46781
25974
238
18146
47941
46605
23698
18338
42841
20386
1773
8460
7658
24650
10380
31098
332
32721
36957
15680
33360
39831
34163
49867
11008
12755
14712
13945
49027
33879
23940
12159
26205
40530
30304
24145
37134
4002
8834
29974
40739
26959
4785
48396
1608
15164
29494
18292
47884
16450
33971
31243
6280
18134
47462
33639
47240
28525
47583
46266
28756
37875
8424
4960
28404
38727
45456
31889
9080
4290
11862
49819
31248
32998
14566
49207
48162
44059
17498
12397
26861
17821
9992
33140
35954
23805
16779
49545
2329
30713
45810
31084
18587
20585
2395
13342
25663
47851
45230
1095
18492
23443
17265
16091
6441
31830
15297
20954
25889
32795
49702
2749
16967
9693
2240
19272
49849
35370
18816
2178
32435
30977
49613
17373
1561
2008
30715
43575
16210
42296
44669
34701
15739
11933
791
38531
10115
32439
25836
2355
31585
25537
5103
48551
1582
23694
17822
1430
25416
2989
19959
7850
33965
19572
25222
1877
37931
22288
45452
4140
14584
6472
5192
46674
34757
22334
35204
44871
4772
11039
47225
2709
2927
18679
1259
20860
8724
35433
22290
34139
38421
8600
8340
38738
28171
49914
40614
32453
22201
2417
36592
3136
8889
41783
49809
43645
14116
1364
4867
35240
28754
18443
37948
31681
37121
5558
2540
12196
7342
41181
46335
12115
49781
21026
17204
44303
20939
7817
26756
9492
26586
29699
12627
35474
37834
28788
45470
18301
30151
16688
3540
8905
35130
7839
40585
38602
29749
9476
797
3442
17009
13483
31908
33141
861
49111
43795
21799
23280
20550
47642
49865
16601
10269
35338
4434
39056
47159
22734
35558
30198
42626
44462
15327
16816
1398
20280
12916
27226
37428
16358
44234
911
48265
27374
18123
13728
37520
6273
37007
8070
3915
36871
41022
30535
38560
45455
19590
35718
34540
21499
32267
43517
15961
47593
10333
33710
34224
23248
10935
21651
39605
21520
38913
4222
15245
7035
17949
2765
13308
4955
27186
17222
8177
18207
47756
46736
30013
33697
48805
14552
5195
31071
8069
37507
45015
34753
21217
29238
8000
48503
888
13957
20023
6153
34530
35267
13187
18830
38031
42846
23784
15216
26419
31960
33422
24174
45047
13434
24222
43851
44338
45769
24921
18758
49627
36287
3510
20843
15524
27861
35698
32763
41817
5720
38915
42698
40986
18454
11527
45369
11299
35310
10584
37718
33621
10358
28243
45019
40143
18817
38869
832
14585
30141
19589
30563
16427
39450
17758
48302
17311
3455
31065
25479
9174
36331
18177
16511
4784
29703
11879
32435
31365
38815
36504
31337
15524
31098
26356
22018
49914
15224
22850
30850
11717
8790
11413
28143
48240
29170
26445
15550
32624
23861
