50000
49985
49972
49934
49914
49914
49914
49911
49910
49904
49871
49870
49867
49866
49865
49858
49855
49849
49827
49822
49819
49810
49810
49809
49808
49805
49797
49781
49773
49770
49769
49766
49761
49759
49740
49722
49716
49704
49702
49696
49685
49683
49671
49657
49656
49627
49613
49609
49607
49597
49586
49565
49555
49549
49545
49536
49535
49531
49518
49514
49514
49512
49490
49481
49474
49455
49448
49441
49428
49426
49425
49418
49417
49413
49403
49400
49398
49395
49382
49382
49375
49360
49352
49307
49302
49299
49297
49289
49238
49224
49214
49207
49196
49192
49189
49171
49161
49133
49116
49113
49111
49027
48991
48987
48952
48925
48887
48879
48876
48866
48844
48815
48806
48805
48795
48765
48763
48754
48752
48729
48726
48720
48720
48710
48709
48706
48691
48668
48661
48654
48629
48604
48602
48573
48570
48566
48566
48551
48530
48527
48513
48511
48506
48503
48491
48485
48476
48474
48463
48462
48454
48428
48410
48396
48389
48368
48365
48347
48328
48302
48302
48298
48285
48284
48267
48267
48265
48247
48245
48245
48240
48224
48220
48209
48204
48184
48169
48165
48165
48162
48160
48140
48137
48130
48125
48118
48115
48113
48112
48111
48102
48096
48084
48080
48072
48064
48059
48046
48044
48044
48043
48042
48037
48032
48013
47997
47980
47961
47952
47941
47925
47925
47924
47917
47913
47891
47887
47884
47864
47859
47853
47851
47829
47820
47808
47806
47801
47793
47780
47779
47772
47767
47767
47756
47740
47723
47717
47708
47680
47679
47664
47659
47642
47624
47603
47596
47593
47583
47576
47574
47571
47571
47555
47536
47535
47529
47525
47520
47520
47510
47492
47484
47483
47477
47462
47459
47455
47448
47434
47425
47424
47404
47394
47392
47385
47378
47377
47373
47368
47364
47358
47316
47246
47244
47240
47225
47221
47210
47201
47182
47159
47133
47129
47117
47105
47098
47090
47083
47079
47069
47066
47056
47051
47014
46995
46988
46977
46976
46955
46952
46948
46943
46908
46896
46863
46853
46853
46833
46832
46805
46795
46781
46775
46769
46755
46745
46740
46740
46736
46709
46706
46693
46674
46667
46628
46605
46577
46558
46555
46555
46551
46538
46538
46526
46496
46481
46477
46472
46471
46458
46458
46442
46441
46437
46433
46421
46418
46416
46401
46391
46386
46385
46384
46381
46380
46372
46365
46357
46353
46335
46329
46315
46303
46300
46282
46266
46259
46252
46232
46226
46222
46210
46163
46155
46146
46146
46143
46124
46122
46113
46104
46102
46100
46099
46094
46088
46082
46073
46068
46066
46052
46047
46041
46040
46025
46004
46003
45988
45960
45958
45956
45955
45946
45939
45933
45929
45899
45886
45873
45872
45872
45868
45868
45857
45845
45810
45807
45791
45788
45780
45769
45764
45763
45763
45743
45739
45709
45698
45635
45631
45624
45600
45586
45572
45542
45542
45504
45497
45486
45476
45470
45470
45456
45455
45452
45436
45432
45420
45417
45401
45392
45389
45369
45357
45347
45347
45343
45340
45285
45284
45267
45267
45262
45256
45255
45251
45233
45230
45229
45207
45201
45144
45131
45077
45063
45047
45036
45019
45015
44997
44990
44988
44988
44985
44983
44979
44970
44964
44960
44933
44925
44920
44914
44898
44894
44890
44871
44856
44855
44840
44818
44802
44798
44788
44780
44761
44754
44748
44743
44724
44719
44708
44702
44698
44691
44672
44669
44666
44654
44648
44637
44631
44626
44617
44614
44604
44563
44552
44540
44518
44512
44503
44487
44487
44474
44467
44467
44464
44462
44451
44444
44420
44397
44368
44356
44355
44343
44343
44341
44341
44338
44303
44301
44300
44291
44285
44279
44270
44263
44259
44258
44251
44243
44243
44235
44234
44233
44221
44204
44189
44164
44137
44119
44105
44092
44073
44060
44059
44039
43990
43977
43967
43944
43933
43929
43926
43911
43905
43900
43898
43897
43883
43851
43844
43816
43813
43808
43802
43798
43795
43790
43780
43780
43780
43778
43766
43736
43717
43699
43692
43683
43680
43673
43671
43659
43645
43644
43640
43619
43615
43614
43610
43606
43575
43575
43565
43531
43523
43517
43484
43483
43470
43448
43443
43433
43424
43423
43405
43404
43399
43384
43368
43362
43345
43344
43341
43340
43328
43326
43302
43301
43289
43280
43271
43255
43248
43238
43233
43227
43220
43212
43195
43192
43190
43183
43168
43166
43165
43156
43149
43147
43139
43126
43121
43118
43076
43066
43066
43060
43056
43055
43052
43046
43033
43015
43003
42994
42986
42978
42973
42972
42936
42930
42920
42902
42886
42884
42882
42878
42876
42861
42859
42846
42841
42840
42835
42826
42818
42815
42795
42788
42783
42774
42769
42756
42755
42752
42746
42723
42698
42689
42657
42648
42644
42642
42626
42623
42618
42616
42587
42577
42576
42563
42561
42524
42520
42502
42500
42497
42494
42489
42487
42486
42485
42457
42448
42434
42401
42393
42378
42376
42367
42344
42330
42312
42296
42276
42269
42256
42247
42234
42226
42226
42212
42206
42184
42168
42165
42160
42137
42133
42117
42108
42103
42103
42083
42057
42055
42045
42019
41985
41973
41960
41959
41954
41939
41926
41910
41908
41859
41855
41850
41850
41838
41829
41822
41817
41810
41805
41804
41802
41789
41784
41783
41777
41754
41740
41705
41687
41685
41640
41628
41621
41620
41619
41607
41577
41571
41557
41543
41537
41535
41525
41518
41508
41508
41503
41499
41498
41479
41470
41468
41454
41448
41446
41434
41432
41425
41425
41422
41415
41408
41404
41396
41386
41374
41329
41304
41299
41295
41291
41288
41248
41247
41224
41216
41211
41207
41199
41189
41181
41156
41091
41083
41081
41063
41059
41036
41033
41031
41027
41022
41019
41011
40986
40963
40960
40953
40951
40947
40933
40902
40899
40898
40895
40887
40881
40876
40867
40853
40834
40826
40825
40824
40823
40807
40800
40797
40797
40794
40774
40760
40739
40725
40709
40709
40709
40707
40705
40703
40681
40673
40648
40643
40637
40627
40614
40604
40588
40585
40584
40567
40566
40556
40556
40553
40533
40530
40524
40520
40515
40505
40502
40478
40461
40458
40448
40441
40440
40422
40403
40356
40304
40294
40291
40291
40279
40271
40264
40253
40243
40225
40222
40206
40204
40190
40183
40176
40159
40143
40127
40109
40093
40077
40073
40068
40034
40030
40017
40009
40006
39996
39986
39981
39957
39952
39949
39907
39896
39864
39844
39843
39835
39831
39820
39787
39781
39776
39770
39764
39755
39752
39729
39721
39704
39698
39687
39682
39674
39674
39669
39667
39664
39662
39633
39621
39620
39605
39605
39597
39593
39588
39578
39570
39561
39556
39553
39521
39520
39494
39488
39475
39460
39450
39409
39407
39402
39396
39345
39284
39282
39272
39271
39261
39254
39251
39239
39236
39226
39219
39208
39188
39169
39165
39160
39104
39082
39081
39070
39065
39060
39056
39035
39028
39000
38997
38992
38982
38969
38945
38945
38939
38938
38936
38922
38918
38915
38913
38912
38907
38901
38871
38869
38860
38841
38839
38834
38820
38820
38815
38783
38778
38775
38765
38764
38761
38754
38746
38739
38738
38727
38696
38688
38663
38661
38656
38654
38615
38602
38592
38561
38560
38560
38539
38531
38500
38495
38491
38486
38459
38450
38431
38421
38400
38398
38389
38386
38367
38356
38351
38344
38344
38315
38311
38294
38292
38283
38283
38275
38271
38261
38233
38198
38181
38137
38123
38121
38114
38087
38084
38076
38075
38052
38040
38031
38017
38007
38005
38001
37971
37969
37958
37956
37948
37942
37940
37937
37931
37904
37896
37893
37875
37861
37861
37859
37856
37838
37837
37834
37831
37820
37817
37810
37805
37784
37782
37770
37764
37749
37736
37719
37718
37711
37708
37697
37697
37649
37614
37607
37605
37587
37571
37571
37561
37551
37547
37542
37542
37540
37539
37520
37511
37507
37493
37481
37478
37471
37430
37428
37419
37419
37416
37412
37403
37383
37373
37372
37363
37359
37343
37334
37331
37272
37250
37229
37215
37207
37186
37175
37168
37145
37142
37135
37134
37133
37131
37127
37127
37125
37121
37113
37110
37102
37083
37059
37046
37043
37026
37012
37007
37002
36999
36999
36971
36964
36957
36951
36940
36927
36923
36921
36917
36914
36900
36893
36888
36871
36871
36863
36862
36854
36853
36851
36840
36835
36831
36818
36818
36803
36796
36796
36794
36784
36769
36759
36752
36729
36709
36702
36702
36686
36680
36663
36663
36662
36638
36636
36615
36610
36605
36601
36592
36564
36558
36554
36553
36548
36548
36545
36519
36511
36504
36501
36498
36476
36460
36451
36450
36446
36409
36398
36365
36360
36331
36319
36314
36287
36267
36252
36238
36238
36235
36213
36170
36109
36105
36097
36088
36082
36073
36061
36060
36020
35993
35978
35971
35957
35954
35942
35939
35930
35913
35878
35868
35861
35859
35855
35851
35826
35820
35802
35799
35789
35786
35779
35775
35753
35732
35722
35721
35721
35718
35706
35705
35704
35698
35696
35696
35694
35676
35671
35670
35668
35642
35635
35631
35604
35604
35595
35593
35568
35558
35557
35553
35543
35533
35503
35492
35490
35484
35475
35474
35472
35472
35453
35450
35442
35433
35428
35424
35421
35419
35411
35409
35406
35401
35381
35373
35370
35367
35353
35338
35327
35317
35310
35309
35302
35292
35286
35277
35269
35267
35264
35240
35236
35234
35229
35225
35212
35204
35196
35150
35141
35140
35139
35139
35130
35129
35127
35110
35104
35097
35094
35089
35089
35088
35086
35083
35077
35074
35038
35036
35034
35033
35023
35019
35005
35004
35004
34990
34972
34964
34961
34955
34951
34932
34932
34931
34930
34927
34927
34920
34918
34880
34862
34846
34844
34830
34805
34802
34787
34783
34776
34757
34753
34751
34748
34733
34726
34726
34717
34716
34710
34701
34701
34678
34674
34666
34661
34659
34647
34636
34629
34619
34618
34607
34607
34576
34568
34540
34536
34533
34530
34526
34512
34488
34485
34479
34474
34467
34450
34445
34442
34440
34436
34432
34426
34425
34417
34417
34415
34415
34413
34407
34401
34366
34365
34359
34357
34335
34316
34314
34313
34303
34294
34288
34277
34264
34264
34262
34224
34214
34214
34213
34213
34200
34200
34193
34185
34182
34163
34155
34139
34118
34117
34097
34078
34058
34054
34041
34027
34020
34019
33984
33981
33971
33965
33965
33957
33935
33926
33924
33900
33894
33880
33879
33877
33861
33848
33840
33832
33825
33822
33803
33797
33795
33794
33784
33781
33779
33764
33759
33739
33710
33703
33697
33687
33674
33661
33646
33639
33632
33621
33601
33601
33591
33591
33589
33568
33558
33539
33509
33505
33503
33502
33490
33489
33436
33422
33418
33418
33415
33375
33362
33360
33356
33350
33325
33299
33297
33271
33270
33261
33259
33258
33248
33224
33218
33213
33208
33201
33190
33189
33160
33141
33140
33124
33109
33106
33104
33097
33097
33089
33088
33067
33046
33010
33000
32998
32979
32975
32973
32970
32963
32912
32883
32870
32857
32855
32848
32843
32841
32831
32825
32802
32795
32783
32763
32750
32733
32730
32728
32721
32712
32705
32698
32680
32672
32657
32649
32648
32646
32634
32632
32631
32624
32606
32591
32555
32542
32532
32513
32510
32491
32476
32475
32457
32453
32446
32439
32435
32435
32433
32427
32425
32409
32404
32392
32391
32373
32362
32349
32338
32323
32305
32267
32260
32255
32236
32234
32227
32206
32159
32158
32157
32137
32133
32130
32128
32113
32104
32078
32077
32076
32062
32060
32042
32041
32023
32016
31992
31991
31986
31975
31975
31963
31960
31956
31946
31943
31934
31930
31924
31924
31908
31889
31882
31879
31851
31842
31836
31830
31801
31792
31792
31791
31791
31774
31771
31761
31747
31745
31737
31719
31717
31713
31685
31682
31681
31665
31661
31659
31657
31651
31645
31634
31628
31622
31621
31590
31585
31566
31563
31554
31550
31548
31540
31531
31510
31500
31498
31497
31459
31459
31453
31434
31434
31420
31413
31409
31399
31397
31395
31385
31378
31371
31369
31365
31365
31351
31341
31338
31337
31314
31311
31302
31289
31288
31286
31261
31252
31248
31243
31239
31213
31176
31175
31154
31140
31135
31098
31098
31093
31084
31083
31077
31071
31065
31056
31049
31046
31034
31025
31010
31007
31007
30981
30978
30977
30962
30947
30938
30934
30931
30931
30929
30906
30881
30874
30862
30860
30850
30848
30847
30839
30839
30834
30826
30822
30821
30806
30795
30786
30784
30775
30766
30750
30745
30729
30715
30714
30713
30698
30687
30685
30682
30682
30680
30669
30663
30654
30641
30641
30633
30632
30628
30624
30617
30583
30578
30576
30567
30564
30563
30557
30555
30551
30544
30535
30535
30534
30531
30511
30511
30510
30510
30505
30498
30492
30488
30450
30448
30428
30427
30427
30420
30415
30414
30398
30396
30375
30373
30346
30337
30333
30333
30313
30307
30304
30297
30297
30275
30265
30258
30256
30246
30209
30204
30198
30198
30181
30178
30176
30171
30168
30164
30163
30154
30151
30143
30141
30140
30121
30107
30095
30083
30079
30078
30062
30058
30057
30015
30013
29999
29993
29992
29990
29974
29970
29968
29957
29953
29949
29941
29937
29926
29926
29919
29912
29909
29898
29885
29877
29873
29859
29858
29830
29825
29824
29787
29771
29752
29750
29749
29748
29734
29725
29716
29713
29705
29703
29699
29699
29694
29681
29674
29670
29663
29660
29659
29651
29644
29642
29636
29629
29616
29588
29580
29577
29574
29540
29524
29518
29507
29497
29494
29493
29464
29454
29447
29444
29440
29430
29418
29416
29414
29413
29396
29384
29372
29365
29359
29348
29338
29326
29325
29307
29257
29255
29243
29242
29240
29238
29220
29206
29205
29195
29170
29140
29139
29138
29121
29108
29108
29090
29088
29088
29082
29078
29072
29066
29051
29028
29023
29018
29005
29003
29002
28993
28992
28974
28973
28960
28942
28937
28925
28912
28895
28894
28888
28875
28862
28855
28853
28849
28827
28821
28818
28811
28808
28796
28793
28788
28788
28781
28778
28778
28770
28756
28754
28748
28743
28743
28741
28725
28705
28675
28668
28646
28643
28621
28607
28602
28597
28592
28590
28576
28564
28554
28542
28530
28525
28520
28511
28505
28475
28469
28466
28463
28462
28452
28429
28421
28415
28404
28400
28386
28383
28381
28374
28364
28361
28355
28342
28336
28332
28331
28318
28310
28296
28290
28286
28281
28264
28243
28208
28208
28203
28171
28169
28162
28154
28143
28140
28140
28124
28105
28099
28090
28089
28077
28076
28074
28068
28037
28037
28032
28019
28017
28016
28009
27983
27980
27963
27938
27922
27912
27910
27907
27870
27869
27863
27861
27831
27829
27825
27806
27766
27744
27726
27709
27703
27703
27700
27675
27664
27661
27654
27646
27633
27629
27611
27608
27606
27600
27593
27570
27551
27544
27512
27480
27459
27448
27438
27431
27430
27430
27409
27390
27390
27390
27376
27374
27374
27355
27340
27327
27321
27310
27297
27284
27283
27256
27226
27225
27222
27212
27186
27184
27175
27146
27112
27109
27105
27091
27091
27088
27063
27037
27019
27017
26968
26962
26959
26952
26943
26942
26930
26924
26923
26923
26909
26895
26861
26861
26839
26839
26834
26830
26827
26819
26809
26806
26801
26779
26778
26773
26771
26756
26748
26745
26718
26711
26709
26704
26703
26684
26683
26679
26678
26663
26642
26640
26621
26618
26602
26596
26586
26543
26539
26530
26520
26518
26494
26491
26467
26465
26445
26433
26430
26422
26419
26410
26409
26379
26376
26374
26367
26357
26356
26338
26324
26314
26306
26296
26267
26250
26246
26228
26222
26216
26205
26185
26177
26154
26153
26152
26150
26146
26136
26117
26110
26087
26087
26085
26084
26077
26072
26061
26058
26040
26038
25999
25992
25990
25990
25986
25974
25972
25963
25943
25943
25940
25903
25897
25889
25875
25873
25872
25866
25843
25836
25836
25829
25818
25811
25785
25782
25779
25778
25746
25735
25701
25699
25681
25663
25645
25635
25634
25621
25621
25615
25609
25605
25599
25590
25580
25565
25564
25538
25537
25532
25532
25498
25494
25485
25483
25479
25474
25473
25469
25466
25461
25457
25446
25436
25416
25413
25397
25373
25358
25358
25348
25346
25345
25344
25328
25281
25259
25256
25245
25222
25203
25201
25201
25197
25191
25189
25189
25189
25184
25177
25149
25146
25140
25129
25114
25098
25093
25090
25084
25069
25064
25062
25057
25042
25037
25014
24998
24994
24982
24973
24972
24965
24960
24944
24940
24939
24938
24921
24902
24887
24862
24852
24844
24843
24826
24815
24808
24807
24786
24785
24776
24752
24701
24700
24700
24692
24679
24664
24650
24624
24584
24537
24532
24529
24511
24507
24505
24503
24485
24483
24478
24470
24458
24447
24445
24443
24418
24408
24408
24406
24405
24348
24323
24304
24292
24269
24264
24253
24252
24249
24246
24238
24236
24225
24222
24222
24220
24214
24207
24207
24186
24174
24170
24145
24135
24128
24109
24085
24065
23994
23992
23940
23934
23931
23929
23921
23915
23910
23907
23886
23882
23877
23870
23863
23861
23851
23836
23813
23812
23805
23805
23788
23787
23784
23778
23777
23774
23762
23746
23738
23735
23721
23716
23715
23715
23714
23698
23694
23680
23667
23666
23662
23644
23625
23584
23578
23575
23567
23543
23540
23525
23516
23465
23459
23455
23446
23443
23441
23430
23421
23410
23409
23399
23396
23369
23362
23342
23341
23335
23333
23326
23317
23315
23288
23280
23262
23257
23248
23238
23210
23208
23185
23130
23127
23106
23098
23090
23089
23053
23045
23027
23013
23007
23005
22996
22984
22981
22948
22928
22921
22911
22903
22889
22888
22888
22887
22885
22867
22857
22855
22850
22832
22831
22814
22814
22796
22778
22760
22754
22754
22746
22734
22731
22730
22719
22713
22707
22703
22699
22687
22680
22615
22612
22604
22603
22602
22585
22576
22568
22517
22514
22494
22480
22479
22470
22464
22461
22459
22456
22424
22413
22396
22388
22387
22376
22363
22354
22351
22342
22339
22334
22333
22318
22316
22309
22290
22288
22267
22265
22245
22242
22224
22220
22216
22201
22185
22176
22166
22160
22153
22150
22146
22142
22139
22116
22106
22092
22070
22041
22018
22017
21997
21995
21986
21980
21974
21964
21953
21928
21927
21926
21918
21904
21892
21875
21851
21850
21835
21830
21808
21799
21795
21785
21757
21754
21739
21733
21725
21702
21680
21651
21641
21623
21620
21613
21604
21591
21588
21520
21518
21500
21499
21497
21495
21477
21465
21439
21434
21406
21383
21360
21355
21320
21320
21319
21309
21305
21305
21290
21287
21276
21266
21264
21262
21250
21217
21206
21206
21206
21195
21172
21158
21155
21150
21129
21111
21103
21102
21088
21058
21056
21052
21026
21016
21007
20991
20988
20987
20983
20972
20972
20954
20939
20934
20920
20919
20895
20891
20873
20865
20860
20860
20850
20843
20784
20783
20762
20759
20754
20753
20748
20729
20711
20693
20690
20684
20683
20654
20653
20646
20596
20591
20585
20550
20548
20547
20523
20510
20475
20464
20463
20453
20448
20429
20422
20420
20418
20416
20413
20390
20386
20370
20364
20357
20340
20292
20280
20266
20261
20260
20252
20228
20228
20209
20205
20202
20181
20177
20154
20151
20148
20144
20117
20097
20090
20069
20067
20060
20039
20033
20028
20027
20023
20017
20015
19968
19959
19952
19941
19928
19921
19916
19913
19908
19907
19899
19881
19863
19857
19855
19854
19845
19824
19823
19818
19808
19793
19773
19759
19754
19719
19709
19706
19700
19687
19680
19672
19670
19666
19650
19650
19619
19617
19593
19590
19589
19585
19577
19572
19568
19563
19560
19544
19531
19525
19515
19487
19486
19483
19483
19466
19457
19454
19438
19411
19403
19402
19399
19384
19381
19362
19356
19354
19354
19340
19336
19330
19296
19290
19288
19276
19273
19272
19271
19270
19249
19246
19225
19207
19190
19180
19127
19123
19120
19091
19054
19040
19035
19024
19012
18995
18986
18984
18983
18934
18930
18903
18891
18879
18862
18856
18837
18836
18832
18832
18830
18817
18816
18814
18796
18792
18792
18774
18764
18758
18753
18741
18740
18715
18711
18700
18695
18691
18689
18684
18679
18661
18632
18624
18592
18589
18587
18587
18586
18579
18570
18568
18558
18548
18544
18541
18540
18529
18524
18521
18495
18492
18469
18468
18460
18458
18454
18443
18443
18437
18434
18433
18429
18425
18424
18410
18409
18408
18398
18364
18360
18352
18348
18347
18341
18339
18338
18333
18327
18321
18309
18302
18301
18299
18292
18285
18284
18261
18253
18243
18231
18207
18198
18198
18190
18190
18177
18170
18149
18146
18146
18134
18126
18123
18115
18098
18095
18090
18088
18086
18084
18077
18074
18070
18068
18061
18046
18045
18042
18035
18009
18003
17999
17988
17978
17950
17949
17868
17846
17835
17831
17827
17822
17821
17795
17783
17777
17775
17775
17772
17758
17751
17747
17725
17703
17700
17697
17683
17680
17672
17661
17626
17598
17595
17537
17536
17523
17498
17497
17477
17467
17463
17457
17453
17439
17434
17404
17395
17382
17376
17373
17368
17336
17328
17318
17311
17272
17271
17265
17262
17258
17253
17238
17232
17222
17204
17185
17182
17166
17148
17127
17104
17094
17089
17087
17083
17081
17080
17048
17030
17013
17012
17011
17009
16967
16951
16949
16941
16933
16930
16914
16904
16893
16888
16877
16850
16847
16828
16816
16779
16757
16749
16748
16744
16742
16694
16692
16688
16671
16650
16633
16622
16602
16601
16596
16588
16583
16576
16574
16572
16566
16555
16553
16538
16527
16513
16511
16508
16503
16499
16498
16489
16486
16475
16450
16427
16414
16389
16386
16377
16373
16364
16358
16335
16317
16315
16295
16293
16291
16289
16286
16274
16270
16262
16254
16253
16232
16224
16210
16177
16165
16145
16118
16113
16113
16104
16096
16091
16071
16070
16067
16047
16031
15976
15973
15967
15961
15959
15949
15948
15945
15942
15939
15897
15886
15885
15869
15866
15851
15838
15832
15796
15795
15791
15784
15775
15774
15763
15763
15759
15739
15731
15715
15698
15696
15689
15680
15678
15669
15654
15631
15620
15595
15592
15578
15574
15559
15550
15542
15524
15524
15521
15509
15490
15479
15477
15476
15476
15475
15471
15459
15454
15429
15426
15421
15397
15392
15389
15383
15382
15382
15366
15364
15358
15356
15349
15341
15339
15337
15336
15327
15313
15309
15303
15297
15297
15296
15277
15254
15245
15224
15217
15216
15214
15197
15187
15183
15177
15176
15169
15164
15161
15151
15130
15085
15078
15067
15061
15057
15046
15017
15011
15006
15005
15002
14995
14953
14932
14891
14881
14870
14869
14851
14846
14838
14834
14830
14827
14826
14826
14819
14816
14796
14788
14774
14712
14689
14682
14667
14657
14651
14632
14626
14611
14593
14585
14584
14567
14566
14552
14532
14531
14527
14521
14517
14514
14505
14502
14463
14442
14440
14440
14419
14417
14412
14407
14400
14392
14392
14363
14350
14340
14331
14320
14306
14302
14290
14269
14267
14266
14262
14238
14213
14212
14201
14198
14197
14197
14196
14190
14185
14182
14181
14179
14173
14160
14132
14116
14099
14090
14089
14088
14080
14072
14071
14069
14068
14063
14024
14023
14009
13999
13957
13950
13945
13931
13930
13922
13897
13889
13839
13835
13813
13803
13795
13781
13780
13774
13769
13768
13743
13728
13719
13717
13707
13707
13664
13664
13662
13653
13621
13606
13594
13593
13582
13567
13565
13559
13554
13552
13544
13538
13509
13508
13507
13495
13483
13468
13462
13457
13441
13434
13418
13414
13412
13400
13379
13356
13350
13350
13342
13338
13316
13308
13307
13292
13289
13288
13287
13254
13246
13227
13211
13194
13191
13187
13175
13175
13171
13169
13148
13145
13129
13125
13109
13099
13080
13062
13060
13060
13050
13043
13040
13021
13014
13011
12996
12993
12984
12962
12955
12942
12940
12929
12922
12916
12901
12891
12849
12846
12826
12814
12812
12802
12790
12788
12785
12773
12770
12765
12761
12756
12755
12743
12738
12737
12730
12719
12696
12692
12647
12632
12631
12627
12605
12604
12599
12569
12535
12524
12517
12511
12494
12489
12485
12481
12462
12462
12449
12440
12439
12436
12429
12399
12397
12376
12371
12362
12354
12345
12331
12327
12327
12316
12293
12285
12284
12271
12269
12268
12266
12246
12242
12240
12238
12232
12231
12222
12219
12211
12196
12195
12193
12192
12182
12177
12159
12147
12146
12139
12135
12133
12115
12114
12036
12031
12013
12006
12000
11995
11975
11972
11968
11950
11947
11938
11933
11928
11923
11918
11895
11879
11864
11862
11854
11853
11843
11827
11825
11809
11808
11789
11787
11782
11766
11749
11717
11709
11695
11691
11680
11651
11650
11644
11633
11632
11623
11598
11592
11589
11583
11553
11549
11538
11527
11520
11517
11509
11496
11493
11491
11488
11470
11466
11434
11413
11401
11371
11362
11358
11344
11327
11326
11325
11308
11302
11299
11282
11274
11267
11262
11262
11260
11253
11245
11245
11229
11223
11221
11219
11216
11214
11202
11201
11183
11175
11174
11168
11162
11133
11123
11119
11105
11093
11061
11050
11046
11040
11039
11026
11025
11008
10986
10973
10961
10958
10953
10953
10935
10933
10925
10923
10920
10906
10881
10871
10851
10836
10832
10831
10829
10827
10824
10807
10772
10771
10757
10753
10750
10750
10719
10695
10690
10646
10637
10637
10636
10629
10584
10580
10580
10573
10572
10545
10531
10519
10497
10488
10469
10468
10463
10463
10435
10434
10434
10415
10411
10396
10380
10358
10333
10330
10327
10311
10308
10274
10269
10261
10246
10242
10226
10220
10213
10186
10183
10171
10159
10118
10115
10109
10107
10099
10098
10088
10083
10083
10080
10062
10057
10054
10052
10050
10024
10015
10003
10002
9997
9997
9992
9982
9982
9982
9963
9922
9912
9908
9892
9890
9868
9844
9777
9770
9765
9761
9749
9734
9731
9720
9718
9715
9708
9693
9692
9673
9672
9671
9647
9639
9633
9607
9604
9599
9578
9576
9564
9519
9508
9496
9492
9488
9476
9471
9458
9452
9446
9432
9427
9420
9411
9407
9399
9380
9377
9355
9350
9333
9331
9328
9326
9309
9286
9283
9266
9253
9234
9230
9229
9221
9202
9202
9197
9190
9185
9174
9164
9148
9145
9141
9097
9089
9086
9083
9082
9080
9077
9070
9047
9035
9009
9007
8997
8947
8919
8915
8905
8900
8897
8896
8891
8889
8876
8853
8842
8834
8818
8799
8790
8774
8762
8760
8760
8749
8743
8724
8718
8698
8694
8687
8683
8679
8679
8648
8637
8605
8600
8573
8564
8545
8528
8527
8523
8502
8498
8495
8486
8484
8483
8460
8459
8439
8439
8424
8411
8398
8368
8368
8367
8366
8361
8342
8340
8332
8311
8289
8285
8266
8260
8251
8245
8236
8234
8225
8215
8206
8204
8198
8189
8184
8177
8169
8144
8144
8127
8122
8113
8070
8069
8056
8046
8041
8025
8024
8009
8009
8006
8000
8000
7999
7995
7955
7948
7945
7926
7895
7893
7891
7886
7884
7876
7867
7853
7850
7850
7841
7841
7839
7817
7810
7790
7785
7760
7756
7750
7748
7730
7705
7703
7699
7688
7683
7668
7660
7658
7622
7618
7608
7601
7588
7587
7587
7582
7577
7575
7559
7559
7558
7551
7547
7530
7529
7529
7527
7526
7520
7516
7514
7503
7493
7490
7485
7463
7433
7416
7386
7383
7375
7366
7356
7350
7345
7342
7338
7322
7320
7281
7251
7231
7189
7158
7146
7118
7104
7084
7080
7058
7058
7052
7050
7047
7035
7030
7027
7027
6994
6982
6976
6970
6965
6960
6958
6956
6956
6954
6942
6938
6929
6907
6907
6904
6899
6899
6897
6880
6876
6862
6861
6854
6854
6834
6822
6807
6806
6801
6786
6780
6778
6763
6759
6748
6735
6709
6703
6702
6694
6680
6671
6664
6645
6637
6622
6617
6613
6606
6575
6564
6543
6542
6530
6526
6517
6506
6478
6473
6472
6459
6455
6441
6433
6431
6420
6419
6417
6411
6401
6401
6394
6391
6373
6369
6350
6344
6331
6329
6328
6326
6323
6305
6302
6280
6278
6276
6273
6271
6234
6232
6232
6220
6212
6199
6198
6194
6181
6155
6153
6151
6148
6145
6141
6123
6112
6091
6091
6086
6034
6014
5998
5998
5994
5976
5965
5958
5938
5932
5879
5865
5860
5837
5835
5833
5825
5824
5822
5814
5809
5798
5787
5784
5774
5772
5760
5758
5755
5720
5718
5689
5688
5666
5663
5655
5653
5651
5644
5636
5624
5622
5616
5606
5605
5601
5587
5582
5579
5558
5553
5483
5469
5454
5445
5440
5427
5422
5420
5410
5399
5396
5384
5371
5368
5345
5338
5336
5332
5326
5306
5296
5291
5289
5282
5274
5268
5267
5266
5240
5239
5215
5202
5195
5192
5192
5188
5177
5177
5176
5156
5143
5137
5130
5130
5129
5116
5112
5108
5103
5093
5090
5088
5070
5046
5043
5041
5038
5035
5028
5014
4996
4987
4977
4960
4955
4938
4892
4888
4888
4874
4867
4858
4843
4838
4826
4818
4806
4799
4798
4791
4788
4785
4784
4780
4772
4772
4768
4725
4720
4710
4703
4697
4690
4688
4666
4660
4658
4650
4631
4605
4559
4546
4532
4530
4527
4524
4523
4513
4505
4500
4491
4487
4479
4456
4441
4435
4434
4432
4431
4425
4409
4387
4349
4342
4342
4334
4330
4313
4312
4306
4304
4290
4282
4257
4251
4242
4239
4227
4222
4216
4189
4157
4141
4140
4109
4106
4090
4088
4081
4059
4051
4048
4045
4045
4040
4030
4022
4009
4002
3993
3977
3976
3966
3947
3938
3918
3915
3912
3912
3861
3857
3844
3820
3819
3819
3808
3803
3800
3759
3758
3743
3727
3723
3712
3689
3689
3687
3675
3673
3666
3665
3663
3651
3643
3638
3609
3607
3597
3591
3582
3578
3547
3544
3543
3540
3521
3514
3510
3500
3496
3494
3493
3481
3478
3474
3455
3442
3405
3389
3389
3389
3362
3361
3360
3351
3333
3326
3314
3301
3272
3257
3244
3240
3227
3212
3195
3180
3180
3176
3176
3142
3138
3136
3135
3108
3108
3108
3104
3104
3100
3096
3073
3050
3046
3022
3017
3016
3001
2989
2984
2980
2952
2948
2947
2945
2944
2938
2930
2927
2925
2917
2887
2886
2874
2866
2852
2834
2825
2823
2816
2811
2806
2765
2751
2749
2736
2727
2719
2709
2685
2662
2658
2658
2657
2656
2619
2611
2605
2597
2597
2576
2573
2562
2561
2540
2497
2480
2463
2450
2431
2420
2417
2399
2395
2379
2377
2375
2364
2355
2355
2353
2329
2328
2313
2303
2290
2288
2260
2257
2252
2240
2229
2219
2217
2212
2204
2204
2187
2178
2150
2139
2135
2132
2131
2113
2097
2092
2051
2048
2039
2024
2014
2012
2008
2004
1995
1953
1952
1948
1947
1939
1935
1932
1923
1914
1900
1896
1877
1861
1858
1834
1830
1827
1804
1784
1773
1761
1746
1742
1738
1729
1720
1719
1716
1709
1700
1700
1691
1670
1664
1660
1659
1652
1651
1651
1644
1640
1626
1621
1615
1614
1611
1610
1608
1603
1599
1592
1582
1563
1561
1547
1544
1528
1526
1519
1518
1504
1497
1467
1451
1430
1430
1423
1404
1404
1398
1378
1364
1356
1354
1345
1340
1339
1325
1318
1311
1305
1303
1296
1289
1288
1259
1254
1252
1249
1218
1212
1212
1211
1206
1171
1105
1098
1095
1091
1088
1085
1050
1046
1017
1006
991
987
981
979
976
968
962
948
947
942
912
911
906
888
885
868
861
832
826
826
811
804
797
791
764
750
742
742
718
707
696
692
688
684
680
676
669
660
645
643
643
633
615
603
595
582
582
567
548
539
538
537
525
522
510
510
505
500
500
499
476
474
461
457
411
408
397
372
364
361
358
344
342
337
332
326
325
323
321
311
306
298
272
261
259
254
248
241
238
229
195
192
188
173
170
169
151
151
142
141
139
136
122
47
22
21
19
4
