100000
99985
99972
99969
99964
99937
99926
99914
99912
99911
99910
99895
99877
99870
99866
99853
99850
99843
99825
99822
99810
99809
99808
99781
99773
99770
99769
99761
99722
99715
99704
99702
99696
99692
99685
99683
99681
99673
99670
99660
99657
99646
99627
99626
99624
99619
99613
99609
99607
99602
99586
99578
99556
99555
99549
99543
99536
99535
99534
99531
99526
99521
99518
99516
99514
99514
99510
99499
99490
99489
99462
99455
99455
99448
99441
99440
99428
99425
99417
99413
99403
99400
99395
99382
99375
99360
99341
99327
99325
99322
99307
99299
99289
99271
99264
99252
99243
99238
99224
99216
99214
99207
99199
99196
99192
99190
99189
99187
99171
99133
99124
99113
99111
99082
99065
99027
98991
98987
98954
98950
98925
98921
98895
98893
98887
98885
98876
98866
98861
98858
98844
98841
98825
98819
98815
98798
98794
98791
98765
98762
98724
98720
98719
98710
98709
98706
98697
98663
98661
98659
98657
98654
98633
98629
98621
98604
98578
98570
98545
98530
98513
98511
98506
98483
98474
98471
98468
98463
98458
98456
98454
98452
98451
98441
98434
98428
98419
98412
98410
98389
98376
98368
98361
98333
98328
98321
98306
98305
98302
98298
98288
98285
98276
98276
98267
98267
98260
98245
98243
98235
98227
98217
98209
98202
98188
98184
98172
98169
98162
98137
98130
98115
98112
98084
98083
98080
98074
98072
98064
98049
98044
98037
98013
98000
97980
97963
97962
97952
97947
97941
97925
97917
97917
97913
97888
97887
97860
97859
97853
97851
97829
97820
97808
97805
97798
97795
97794
97779
97772
97767
97767
97736
97723
97723
97717
97713
97712
97679
97676
97666
97664
97659
97642
97642
97624
97603
97574
97571
97525
97505
97484
97483
97483
97462
97459
97458
97448
97416
97413
97406
97394
97385
97378
97373
97370
97364
97358
97329
97325
97300
97283
97246
97240
97225
97221
97193
97166
97134
97133
97133
97130
97129
97124
97121
97108
97083
97069
97066
97056
97031
97029
97024
96988
96983
96977
96955
96952
96948
96943
96936
96935
96914
96908
96853
96843
96828
96795
96788
96778
96777
96775
96769
96755
96755
96740
96738
96720
96709
96706
96700
96694
96693
96659
96658
96649
96628
96621
96617
96577
96566
96555
96551
96547
96526
96513
96487
96481
96477
96472
96467
96458
96442
96441
96437
96417
96403
96397
96384
96381
96372
96366
96365
96358
96357
96329
96303
96300
96282
96266
96259
96252
96237
96232
96228
96222
96205
96174
96166
96155
96146
96143
96138
96135
96122
96099
96095
96094
96082
96068
96052
96047
96041
96040
96027
96022
96015
96006
96003
95997
95995
95994
95983
95982
95969
95960
95958
95955
95946
95899
95896
95873
95872
95845
95834
95831
95828
95807
95802
95794
95793
95791
95788
95772
95763
95763
95763
95739
95717
95698
95662
95645
95628
95625
95624
95623
95606
95600
95587
95586
95536
95534
95506
95504
95497
95470
95456
95455
95430
95425
95420
95417
95389
95388
95385
95347
95340
95308
95308
95277
95269
95267
95267
95264
95263
95255
95251
95249
95229
95220
95220
95201
95198
95174
95137
95124
95116
95104
95083
95077
95067
95064
95047
95036
95034
95032
95019
95011
95000
94994
94990
94985
94985
94964
94960
94933
94927
94910
94890
94890
94871
94856
94856
94855
94847
94827
94818
94803
94802
94783
94780
94767
94761
94756
94749
94748
94743
94721
94719
94715
94702
94691
94679
94679
94676
94672
94652
94648
94631
94617
94609
94604
94600
94560
94543
94518
94515
94515
94487
94470
94467
94462
94420
94397
94393
94368
94367
94360
94356
94355
94341
94318
94303
94302
94301
94300
94291
94285
94276
94270
94263
94258
94251
94250
94240
94235
94234
94228
94221
94204
94189
94164
94153
94136
94110
94095
94075
94073
94068
94058
94042
94039
94027
93992
93990
93990
93977
93977
93967
93956
93944
93929
93922
93919
93915
93911
93908
93905
93898
93897
93883
93868
93855
93850
93847
93845
93834
93830
93820
93819
93812
93808
93808
93798
93795
93780
93778
93775
93773
93766
93758
93748
93745
93742
93736
93733
93732
93717
93692
93680
93671
93670
93645
93644
93637
93615
93614
93614
93606
93605
93602
93594
93592
93575
93575
93544
93544
93543
93539
93531
93527
93526
93523
93521
93506
93494
93483
93470
93424
93423
93404
93399
93345
93340
93328
93317
93302
93289
93271
93258
93255
93249
93243
93227
93220
93212
93190
93173
93168
93154
93140
93103
93071
93066
93066
93063
93059
93057
93056
93051
93046
93033
93003
92973
92972
92936
92930
92902
92902
92896
92884
92884
92882
92876
92867
92861
92861
92859
92845
92841
92826
92818
92815
92795
92794
92788
92785
92774
92774
92772
92769
92756
92747
92746
92743
92737
92723
92700
92689
92681
92679
92677
92669
92664
92664
92661
92656
92648
92645
92644
92632
92627
92626
92623
92619
92615
92608
92577
92571
92563
92530
92520
92497
92495
92495
92489
92487
92486
92484
92453
92448
92438
92435
92434
92434
92413
92401
92393
92379
92376
92374
92367
92343
92338
92331
92328
92271
92269
92242
92234
92205
92197
92195
92177
92173
92168
92160
92149
92137
92133
92113
92112
92108
92103
92101
92097
92086
92069
92046
92044
92019
92019
92016
91985
91980
91976
91973
91960
91959
91939
91931
91926
91922
91908
91900
91869
91859
91855
91850
91850
91838
91829
91810
91808
91805
91804
91789
91784
91783
91765
91757
91750
91740
91737
91736
91706
91705
91698
91697
91696
91688
91648
91641
91640
91628
91619
91616
91607
91557
91543
91537
91535
91533
91529
91525
91518
91514
91508
91503
91499
91498
91479
91470
91434
91416
91415
91389
91386
91381
91374
91364
91356
91329
91288
91270
91253
91250
91241
91237
91237
91224
91204
91203
91199
91189
91161
91154
91138
91135
91118
91083
91049
91034
91031
91027
91022
91011
91011
90987
90968
90963
90960
90953
90953
90952
90951
90947
90904
90902
90901
90899
90898
90881
90876
90871
90867
90862
90834
90826
90824
90823
90807
90804
90801
90800
90797
90794
90794
90755
90739
90736
90709
90707
90705
90703
90702
90692
90681
90673
90648
90637
90604
90595
90593
90588
90585
90570
90566
90566
90559
90553
90533
90524
90515
90510
90505
90502
90496
90478
90448
90403
90399
90393
90375
90362
90343
90343
90304
90294
90279
90274
90271
90255
90243
90225
90211
90200
90192
90183
90159
90143
90127
90122
90093
90082
90079
90073
90030
90028
90017
90014
89996
89987
89986
89981
89979
89978
89957
89957
89952
89952
89945
89939
89931
89909
89896
89894
89864
89844
89841
89831
89823
89821
89820
89787
89776
89760
89755
89747
89733
89729
89711
89705
89682
89682
89674
89669
89633
89621
89620
89620
89605
89599
89596
89588
89570
89561
89533
89521
89520
89503
89499
89460
89450
89407
89405
89393
89381
89368
89366
89345
89339
89329
89327
89303
89282
89256
89248
89239
89233
89232
89226
89216
89208
89186
89174
89165
89160
89152
89131
89126
89110
89104
89083
89082
89081
89078
89065
89063
89053
89043
89041
89009
88992
88945
88945
88939
88936
88922
88915
88910
88907
88871
88869
88860
88855
88841
88820
88820
88809
88793
88778
88775
88765
88754
88743
88738
88696
88650
88644
88640
88637
88627
88602
88602
88592
88561
88550
88541
88506
88500
88491
88486
88419
88400
88398
88389
88386
88367
88352
88351
88344
88340
88321
88315
88300
88294
88292
88275
88271
88251
88225
88206
88201
88198
88193
88160
88157
88137
88136
88123
88106
88087
88084
88076
88075
88052
88040
88037
88031
88009
87972
87966
87965
87958
87952
87945
87942
87942
87937
87913
87909
87909
87904
87897
87896
87875
87875
87874
87867
87865
87861
87861
87859
87856
87843
87838
87837
87831
87820
87817
87805
87799
87793
87788
87784
87784
87782
87770
87749
87719
87711
87697
87670
87655
87655
87651
87639
87635
87635
87623
87613
87607
87587
87571
87561
87555
87540
87539
87533
87520
87471
87471
87430
87427
87416
87412
87408
87397
87389
87383
87382
87373
87368
87366
87359
87343
87343
87337
87334
87305
87286
87281
87276
87272
87271
87268
87250
87223
87215
87213
87202
87198
87169
87145
87142
87134
87121
87119
87113
87112
87110
87102
87098
87097
87083
87081
87080
87069
87059
87059
87046
87045
87043
87030
87018
87007
87002
86982
86982
86982
86971
86957
86951
86949
86927
86900
86871
86841
86841
86840
86831
86820
86818
86794
86784
86774
86759
86748
86745
86729
86711
86702
86696
86686
86680
86663
86662
86647
86636
86629
86605
86592
86564
86556
86553
86548
86545
86522
86519
86511
86503
86501
86498
86489
86481
86480
86476
86475
86450
86406
86398
86389
86365
86359
86354
86346
86331
86322
86319
86314
86312
86287
86281
86271
86255
86238
86238
86235
86167
86144
86135
86119
86097
86092
86088
86073
86065
86060
86031
86029
86023
86020
85985
85978
85971
85947
85942
85938
85928
85908
85896
85895
85878
85871
85868
85863
85826
85822
85822
85818
85815
85802
85799
85793
85789
85787
85779
85760
85722
85718
85711
85706
85706
85704
85702
85698
85696
85680
85676
85670
85668
85642
85628
85628
85616
85604
85604
85595
85591
85552
85548
85533
85532
85513
85492
85484
85466
85447
85433
85428
85421
85411
85409
85381
85373
85370
85367
85341
85338
85327
85317
85269
85267
85264
85253
85236
85234
85229
85225
85204
85203
85197
85175
85150
85150
85141
85139
85139
85130
85111
85110
85100
85097
85096
85089
85088
85083
85074
85073
85064
85038
85033
85019
85005
85002
84990
84976
84972
84961
84961
84955
84955
84951
84932
84931
84930
84927
84926
84922
84920
84920
84918
84905
84899
84878
84846
84844
84830
84813
84781
84757
84753
84751
84748
84731
84726
84713
84710
84701
84683
84678
84645
84641
84636
84620
84619
84618
84572
84550
84544
84536
84530
84526
84510
84488
84485
84479
84467
84467
84458
84447
84445
84442
84436
84432
84426
84423
84415
84335
84311
84288
84277
84270
84264
84262
84246
84235
84230
84224
84214
84213
84185
84182
84144
84125
84041
84041
84020
84019
84002
83997
83981
83981
83976
83973
83972
83945
83935
83924
83914
83910
83894
83880
83877
83876
83874
83872
83861
83832
83825
83822
83818
83803
83795
83764
83757
83739
83727
83725
83710
83697
83689
83687
83674
83646
83621
83619
83613
83591
83589
83585
83558
83542
83539
83532
83526
83513
83509
83502
83489
83468
83436
83431
83422
83418
83418
83408
83379
83378
83375
83360
83354
83344
83333
83325
83307
83299
83293
83281
83261
83257
83224
83221
83221
83218
83213
83208
83190
83176
83169
83149
83141
83140
83107
83107
83106
83104
83097
83096
83088
83088
83080
83077
83046
83046
83028
83026
83006
83000
82989
82979
82974
82973
82970
82963
82945
82917
82915
82904
82883
82857
82848
82845
82843
82831
82825
82823
82819
82802
82785
82783
82763
82756
82747
82745
82733
82721
82712
82705
82698
82696
82683
82672
82661
82660
82657
82649
82648
82646
82632
82631
82628
82628
82624
82608
82607
82566
82555
82551
82542
82536
82513
82511
82495
82486
82475
82457
82439
82437
82435
82435
82435
82433
82392
82389
82381
82364
82362
82349
82340
82338
82323
82262
82258
82255
82234
82206
82185
82181
82177
82163
82157
82138
82130
82128
82125
82113
82105
82077
82062
82060
82045
82041
82028
82023
82016
82003
81992
81991
81980
81975
81954
81944
81934
81924
81919
81879
81861
81848
81836
81828
81807
81804
81792
81791
81785
81771
81761
81737
81734
81728
81701
81696
81687
81685
81682
81679
81659
81656
81640
81634
81634
81622
81621
81590
81588
81572
81571
81569
81566
81554
81550
81542
81540
81531
81519
81498
81497
81460
81459
81453
81437
81434
81430
81420
81413
81413
81409
81407
81402
81399
81395
81379
81378
81371
81369
81367
81359
81338
81332
81327
81327
81324
81322
81312
81311
81309
81303
81289
81288
81287
81271
81262
81248
81243
81238
81176
81099
81098
81098
81077
81077
81071
81065
81056
81049
81025
81017
81007
81007
80977
80966
80966
80962
80960
80947
80934
80931
80929
80905
80902
80883
80881
80874
80850
80848
80847
80845
80839
80834
80828
80826
80822
80816
80809
80795
80757
80750
80745
80729
80728
80717
80715
80714
80714
80713
80692
80687
80680
80678
80663
80644
80641
80641
80632
80624
80617
80617
80585
80578
80576
80572
80563
80557
80555
80537
80535
80535
80534
80531
80511
80505
80498
80492
80485
80484
80471
80468
80450
80427
80422
80415
80396
80396
80385
80373
80352
80338
80333
80333
80313
80307
80304
80296
80292
80283
80280
80271
80246
80215
80209
80198
80181
80178
80176
80164
80151
80148
80141
80130
80118
80113
80107
80107
80094
80093
80088
80078
80067
80062
80044
80021
79999
79998
79990
79974
79968
79953
79939
79935
79926
79892
79854
79825
79824
79816
79803
79803
79787
79781
79777
79771
79771
79752
79748
79734
79721
79712
79705
79703
79694
79685
79681
79670
79668
79663
79661
79660
79659
79651
79649
79642
79636
79614
79595
79580
79577
79575
79541
79540
79529
79524
79510
79497
79494
79483
79480
79464
79454
79446
79440
79431
79430
79417
79416
79403
79403
79379
79376
79372
79359
79348
79326
79325
79309
79307
79295
79289
79279
79273
79240
79220
79206
79205
79197
79183
79170
79156
79142
79138
79131
79124
79121
79109
79108
79097
79090
79088
79082
79078
79072
79066
79053
79051
79023
79012
79012
79010
79005
78992
78992
78982
78973
78961
78960
78960
78945
78928
78925
78912
78868
78862
78859
78849
78828
78821
78811
78800
78796
78788
78788
78778
78778
78754
78753
78746
78744
78743
78741
78731
78719
78712
78693
78678
78662
78646
78643
78607
78602
78602
78597
78596
78592
78590
78584
78576
78564
78564
78559
78549
78533
78529
78525
78511
78494
78491
78477
78475
78475
78466
78457
78452
78421
78419
78415
78400
78387
78386
78381
78366
78364
78355
78331
78305
78296
78290
78280
78268
78261
78248
78216
78208
78203
78174
78172
78171
78162
78154
78138
78124
78105
78095
78090
78089
78077
78076
78074
78068
78037
78032
78019
77994
77986
77980
77968
77949
77938
77927
77900
77891
77869
77863
77861
77831
77825
77812
77766
77754
77744
77733
77726
77719
77703
77703
77688
77681
77675
77664
77655
77654
77651
77612
77611
77606
77606
77593
77592
77587
77581
77576
77570
77546
77485
77465
77459
77448
77447
77431
77431
77430
77416
77409
77390
77390
77390
77374
77374
77372
77355
77340
77329
77327
77321
77309
77309
77284
77212
77184
77175
77112
77105
77091
77091
77063
77026
77026
77017
76968
76962
76959
76952
76943
76942
76929
76924
76923
76909
76872
76861
76861
76855
76839
76839
76836
76827
76825
76809
76806
76806
76801
76778
76778
76773
76771
76755
76748
76718
76711
76709
76704
76703
76684
76683
76678
76663
76642
76624
76619
76596
76583
76554
76535
76529
76520
76518
76514
76512
76494
76491
76468
76465
76453
76439
76430
76409
76404
76388
76376
76374
76357
76329
76325
76324
76314
76313
76296
76294
76287
76272
76250
76207
76193
76185
76177
76154
76153
76152
76146
76140
76132
76128
76126
76117
76097
76087
76084
76083
76077
76072
76063
76063
76061
76053
76046
76040
76038
76023
76008
75997
75990
75990
75974
75962
75950
75950
75948
75943
75940
75916
75904
75897
75889
75875
75873
75865
75836
75836
75824
75822
75801
75788
75759
75748
75718
75708
75701
75699
75681
75663
75628
75621
75615
75609
75605
75596
75594
75580
75565
75564
75551
75542
75538
75537
75532
75532
75524
75521
75495
75494
75494
75483
75478
75474
75473
75469
75457
75432
75416
75400
75399
75397
75373
75358
75346
75345
75344
75330
75328
75326
75290
75282
75281
75277
75269
75266
75247
75245
75222
75217
75201
75201
75197
75192
75189
75184
75174
75149
75146
75140
75133
75114
75106
75105
75105
75090
75084
75064
75057
75054
75045
75042
75037
75014
74998
74982
74973
74972
74970
74949
74940
74939
74938
74929
74902
74892
74887
74887
74862
74844
74836
74826
74817
74815
74808
74799
74794
74788
74777
74776
74752
74747
74701
74700
74679
74672
74670
74643
74642
74624
74609
74588
74580
74572
74563
74558
74558
74550
74546
74537
74532
74511
74507
74505
74485
74483
74476
74466
74445
74443
74406
74405
74381
74346
74334
74332
74292
74292
74284
74264
74260
74252
74249
74246
74238
74236
74222
74220
74207
74207
74183
74176
74174
74156
74135
74128
74123
74113
74109
74087
74085
74065
74065
74063
74053
74051
74042
74028
74010
73992
73955
73934
73931
73929
73921
73921
73921
73918
73915
73910
73907
73877
73870
73863
73862
73851
73849
73836
73822
73818
73813
73812
73804
73797
73787
73781
73773
73763
73762
73746
73738
73735
73721
73716
73715
73714
73689
73686
73680
73667
73664
73644
73633
73625
73584
73567
73543
73540
73496
73455
73448
73446
73443
73431
73428
73428
73410
73396
73396
73369
73362
73344
73341
73335
73333
73332
73329
73326
73315
73301
73288
73282
73257
73254
73241
73220
73216
73211
73208
73201
73132
73118
73090
73014
73013
73007
72996
72985
72984
72981
72975
72949
72948
72948
72944
72938
72921
72911
72903
72893
72892
72889
72888
72887
72885
72867
72857
72855
72843
72837
72821
72820
72807
72793
72787
72774
72760
72759
72731
72730
72726
72724
72723
72715
72713
72703
72687
72686
72680
72674
72672
72667
72666
72629
72612
72604
72592
72576
72576
72573
72568
72538
72524
72517
72514
72513
72498
72494
72476
72470
72464
72461
72459
72456
72450
72424
72413
72396
72387
72377
72363
72361
72357
72357
72356
72354
72351
72346
72344
72339
72334
72330
72323
72316
72313
72309
72305
72297
72288
72280
72279
72267
72265
72242
72220
72216
72160
72150
72100
72092
72089
72048
72041
72020
72018
72013
72007
71999
71988
71986
71979
71964
71939
71930
71926
71918
71912
71888
71875
71869
71851
71850
71845
71835
71828
71808
71799
71785
71778
71762
71744
71739
71733
71733
71725
71724
71719
71714
71680
71665
71653
71634
71623
71620
71605
71588
71580
71518
71500
71499
71497
71495
71477
71465
71465
71439
71431
71427
71425
71422
71412
71406
71402
71383
71339
71320
71318
71305
71276
71264
71262
71250
71236
71229
71206
71195
71181
71181
71164
71158
71158
71155
71146
71140
71111
71086
71079
71066
71058
71052
71051
71044
71031
71029
71021
71018
71008
71007
70972
70939
70934
70924
70920
70916
70916
70900
70895
70891
70860
70860
70858
70850
70839
70830
70811
70797
70783
70762
70761
70759
70754
70753
70734
70729
70729
70665
70654
70653
70646
70627
70609
70608
70596
70584
70582
70566
70548
70547
70528
70526
70523
70512
70479
70470
70467
70463
70453
70449
70423
70422
70420
70418
70413
70411
70386
70370
70364
70344
70337
70322
70310
70296
70292
70282
70272
70266
70261
70260
70246
70230
70205
70205
70202
70177
70163
70117
70108
70078
70067
70063
70062
70060
70060
70039
70037
70033
70028
70023
70022
70017
70015
70009
69988
69986
69976
69953
69921
69920
69917
69916
69913
69908
69907
69881
69880
69873
69863
69861
69857
69857
69855
69845
69836
69829
69823
69818
69775
69773
69759
69759
69720
69719
69719
69687
69682
69680
69672
69672
69666
69656
69640
69623
69615
69593
69585
69577
69566
69532
69531
69529
69525
69515
69511
69501
69496
69487
69483
69473
69457
69454
69435
69402
69399
69384
69382
69356
69354
69323
69300
69284
69283
69276
69273
69272
69263
69246
69242
69223
69220
69207
69190
69180
69157
69137
69136
69124
69123
69083
69068
69040
69024
69001
68986
68934
68930
68903
68888
68879
68872
68856
68851
68837
68832
68832
68830
68825
68814
68799
68796
68792
68792
68774
68758
68753
68741
68717
68715
68691
68689
68689
68679
68675
68668
68647
68632
68587
68586
68579
68570
68569
68558
68553
68545
68542
68541
68540
68536
68521
68504
68485
68469
68462
68459
68454
68437
68436
68433
68429
68424
68410
68409
68409
68404
68398
68364
68364
68360
68347
68341
68339
68338
68333
68327
68319
68309
68287
68286
68284
68280
68261
68253
68252
68243
68199
68198
68198
68190
68190
68182
68180
68177
68170
68157
68146
68144
68134
68130
68098
68095
68088
68086
68084
68077
68074
68070
68067
68065
68061
68046
68046
68045
68042
68035
68022
68009
68003
67988
67979
67974
67973
67949
67917
67887
67885
67882
67881
67868
67863
67846
67831
67827
67821
67814
67795
67788
67787
67777
67775
67747
67743
67741
67735
67700
67697
67677
67659
67651
67643
67636
67628
67626
67613
67607
67598
67596
67590
67562
67537
67536
67516
67497
67493
67479
67465
67463
67457
67457
67454
67453
67446
67439
67437
67434
67428
67425
67404
67399
67395
67373
67373
67347
67336
67318
67311
67310
67305
67303
67286
67259
67250
67247
67237
67222
67214
67206
67204
67191
67188
67182
67172
67166
67118
67110
67104
67097
67094
67081
67052
67048
67019
67009
66964
66951
66949
66936
66933
66929
66920
66904
66897
66888
66880
66877
66853
66828
66791
66790
66786
66779
66748
66744
66732
66725
66711
66710
66688
66655
66646
66633
66633
66612
66612
66609
66601
66601
66576
66574
66572
66566
66565
66558
66556
66555
66553
66535
66527
66511
66508
66507
66503
66499
66498
66486
66479
66460
66442
66427
66397
66389
66386
66377
66335
66325
66293
66291
66289
66274
66271
66254
66253
66239
66232
66224
66193
66182
66177
66172
66165
66145
66118
66116
66113
66111
66104
66102
66099
66085
66070
66067
66056
66044
66029
66002
65978
65976
65974
65973
65972
65966
65961
65959
65959
65949
65942
65941
65897
65888
65886
65885
65869
65866
65858
65851
65816
65797
65796
65795
65791
65784
65775
65774
65773
65763
65760
65755
65744
65737
65722
65698
65689
65688
65680
65678
65669
65665
65654
65631
65619
65592
65589
65583
65578
65574
65542
65541
65532
65531
65531
65527
65524
65511
65509
65490
65479
65477
65459
65448
65442
65435
65429
65426
65409
65397
65392
65389
65383
65382
65371
65366
65364
65358
65356
65341
65337
65314
65313
65303
65301
65297
65296
65288
65254
65239
65235
65224
65217
65214
65209
65200
65187
65176
65164
65161
65151
65148
65130
65085
65078
65077
65074
65067
65061
65057
65046
65046
64995
64987
64982
64975
64953
64946
64942
64932
64913
64907
64890
64882
64881
64856
64852
64851
64838
64834
64830
64826
64814
64810
64788
64774
64768
64712
64682
64657
64650
64632
64630
64628
64627
64617
64605
64585
64574
64567
64552
64548
64534
64534
64532
64527
64521
64514
64505
64505
64502
64489
64488
64476
64470
64459
64442
64440
64440
64425
64412
64412
64406
64394
64392
64350
64340
64331
64321
64320
64312
64309
64305
64302
64267
64254
64238
64197
64196
64195
64190
64187
64179
64179
64161
64160
64155
64136
64133
64132
64116
64110
64092
64090
64088
64079
64072
64069
64068
64036
64023
64012
64009
63989
63957
63953
63952
63950
63944
63944
63934
63904
63863
63839
63835
63819
63816
63816
63803
63796
63781
63772
63769
63768
63740
63728
63713
63712
63707
63686
63664
63662
63644
63642
63594
63593
63565
63552
63544
63538
63534
63509
63508
63483
63479
63477
63463
63462
63457
63452
63441
63439
63434
63412
63409
63400
63385
63376
63313
63308
63307
63292
63288
63287
63247
63241
63227
63211
63194
63191
63188
63187
63175
63175
63172
63172
63169
63161
63159
63154
63148
63145
63129
63125
63117
63109
63098
63092
63060
63050
63034
63021
63011
62998
62996
62991
62991
62979
62942
62940
62929
62916
62901
62868
62854
62849
62843
62840
62820
62812
62802
62790
62782
62777
62777
62777
62773
62765
62743
62742
62738
62729
62726
62719
62692
62660
62647
62631
62628
62627
62621
62612
62609
62569
62561
62508
62499
62494
62488
62485
62481
62475
62470
62462
62439
62436
62430
62429
62397
62376
62376
62362
62358
62345
62316
62309
62284
62276
62268
62246
62242
62231
62222
62219
62211
62200
62195
62195
62193
62191
62182
62159
62159
62157
62146
62141
62120
62115
62115
62114
62101
62094
62075
62059
62036
62017
62013
62010
62006
62005
62004
62000
61975
61972
61964
61963
61950
61948
61947
61933
61923
61918
61879
61864
61854
61842
61789
61788
61772
61766
61749
61726
61723
61717
61711
61709
61695
61691
61680
61655
61651
61648
61643
61640
61636
61633
61632
61628
61623
61598
61592
61589
61567
61557
61553
61549
61548
61542
61540
61509
61493
61489
61487
61475
61467
61466
61461
61453
61438
61421
61416
61413
61406
61404
61376
61371
61362
61358
61355
61344
61327
61326
61325
61311
61308
61302
61300
61293
61282
61274
61267
61255
61253
61223
61221
61216
61212
61210
61190
61183
61174
61168
61167
61155
61138
61133
61132
61123
61105
61100
61061
61050
61046
61043
61039
61036
60994
60992
60986
60976
60961
60958
60953
60953
60948
60933
60925
60923
60920
60906
60902
60871
60845
60834
60831
60829
60827
60824
60807
60803
60792
60777
60765
60757
60753
60750
60719
60701
60701
60695
60670
60670
60637
60637
60629
60620
60614
60611
60592
60584
60551
60551
60545
60531
60520
60497
60490
60463
60463
60441
60438
60434
60434
60434
60425
60415
60411
60396
60395
60380
60368
60351
60347
60333
60331
60330
60327
60302
60283
60269
60261
60246
60226
60220
60171
60153
60124
60111
60109
60104
60103
60098
60090
60088
60083
60081
60080
60058
60057
60056
60054
60052
60046
60015
60009
59999
59997
59997
59991
59982
59982
59963
59939
59928
59927
59922
59909
59908
59904
59889
59888
59888
59888
59844
59835
59790
59788
59770
59761
59731
59720
59708
59673
59672
59671
59663
59639
59621
59604
59599
59584
59578
59564
59554
59550
59531
59508
59507
59487
59481
59462
59458
59452
59446
59432
59427
59403
59395
59381
59331
59313
59295
59283
59273
59266
59261
59259
59255
59253
59235
59233
59232
59230
59229
59229
59221
59205
59202
59202
59199
59197
59185
59175
59174
59170
59170
59170
59148
59144
59141
59131
59130
59097
59089
59086
59083
59082
59080
59080
59077
59070
59057
59041
59011
59009
59007
58984
58982
58981
58956
58931
58924
58922
58909
58905
58896
58896
58891
58884
58873
58865
58861
58853
58850
58838
58826
58818
58805
58799
58790
58782
58778
58777
58762
58760
58760
58759
58759
58751
58734
58718
58712
58689
58683
58679
58669
58648
58645
58637
58605
58600
58579
58566
58523
58521
58501
58493
58484
58483
58479
58447
58425
58424
58411
58398
58368
58368
58366
58361
58340
58330
58313
58311
58308
58299
58299
58285
58280
58273
58257
58251
58245
58242
58236
58212
58206
58198
58189
58173
58160
58149
58127
58122
58120
58113
58061
58056
58054
58042
58041
58039
58038
58035
58023
58009
58006
58000
57999
57995
57977
57972
57948
57944
57933
57905
57893
57891
57886
57884
57878
57872
57869
57867
57850
57844
57840
57823
57806
57797
57796
57790
57760
57756
57753
57748
57739
57730
57711
57705
57703
57699
57695
57672
57658
57649
57643
57622
57618
57617
57608
57595
57587
57583
57582
57577
57559
57551
57530
57529
57520
57516
57516
57516
57514
57506
57489
57486
57484
57462
57449
57433
57383
57382
57381
57380
57375
57370
57356
57355
57338
57316
57273
57251
57231
57204
57184
57166
57158
57127
57104
57103
57103
57084
57040
57035
57013
57008
57002
57002
56994
56992
56989
56982
56969
56958
56942
56921
56917
56907
56900
56899
56897
56880
56876
56862
56861
56854
56854
56837
56834
56822
56801
56780
56778
56759
56748
56712
56709
56703
56698
56686
56664
56660
56649
56613
56611
56606
56564
56555
56543
56542
56530
56526
56517
56516
56505
56471
56459
56455
56452
56431
56418
56411
56401
56394
56391
56334
56320
56310
56305
56302
56298
56289
56278
56246
56239
56220
56199
56198
56187
56183
56183
56151
56148
56145
56141
56123
56112
56079
56076
56072
56044
56034
56014
55994
55976
55965
55959
55953
55940
55916
55881
55881
55879
55877
55850
55840
55822
55822
55813
55809
55809
55803
55799
55798
55795
55784
55774
55756
55755
55724
55723
55720
55718
55689
55668
55666
55664
55662
55651
55625
55624
55622
55606
55601
55588
55579
55539
55529
55483
55469
55454
55454
55445
55440
55434
55410
55403
55399
55396
55382
55368
55306
55291
55282
55274
55268
55266
55234
55215
55212
55207
55202
55195
55192
55188
55183
55179
55177
55168
55164
55137
55108
55103
55093
55088
55083
55075
55058
55050
55047
55046
55041
55039
55038
55035
55030
55014
54996
54994
54987
54982
54978
54977
54960
54955
54945
54938
54862
54854
54838
54823
54814
54813
54804
54802
54793
54791
54788
54784
54772
54772
54772
54748
54734
54702
54698
54688
54686
54666
54666
54658
54653
54650
54631
54615
54604
54540
54532
54527
54523
54513
54505
54500
54500
54479
54469
54455
54454
54453
54451
54441
54432
54431
54425
54349
54342
54342
54336
54334
54330
54317
54316
54314
54312
54306
54304
54302
54257
54251
54239
54233
54216
54191
54172
54163
54154
54141
54140
54106
54087
54086
54081
54066
54059
54045
54040
54030
54030
54030
54024
54022
54017
54017
54010
54009
53976
53966
53947
53946
53938
53921
53912
53903
53866
53861
53857
53844
53837
53820
53819
53819
53812
53808
53800
53778
53764
53754
53743
53712
53689
53687
53665
53663
53638
53623
53622
53609
53597
53596
53591
53578
53552
53543
53540
53540
53536
53534
53514
53510
53500
53496
53496
53493
53482
53478
53471
53442
53425
53421
53393
53389
53388
53381
53370
53362
53360
53338
53333
53326
53314
53311
53301
53276
53272
53260
53244
53240
53235
53227
53214
53212
53205
53180
53176
53175
53169
53165
53157
53141
53136
53135
53108
53104
53098
53073
53061
53050
53050
53042
53040
53032
53027
53022
53016
53001
52989
52984
52980
52975
52966
52955
52952
52948
52945
52944
52934
52927
52925
52921
52907
52901
52889
52887
52886
52872
52866
52834
52831
52823
52816
52806
52803
52774
52763
52758
52749
52736
52734
52734
52727
52727
52714
52685
52673
52670
52669
52667
52658
52658
52641
52633
52605
52576
52547
52511
52501
52496
52480
52464
52463
52460
52450
52425
52399
52388
52379
52376
52375
52367
52364
52353
52328
52293
52288
52276
52260
52257
52252
52250
52245
52240
52237
52231
52229
52219
52217
52216
52215
52203
52200
52188
52187
52178
52169
52154
52150
52146
52135
52131
52120
52112
52103
52092
52085
52082
52048
51992
51980
51948
51947
51944
51939
51935
51900
51877
51860
51858
51843
51830
51829
51827
51809
51809
51784
51777
51773
51761
51760
51743
51738
51729
51726
51720
51719
51715
51709
51709
51700
51677
51662
51659
51652
51651
51621
51603
51599
51592
51563
51558
51547
51528
51517
51512
51497
51495
51490
51467
51456
51446
51430
51430
51425
51412
51404
51373
51357
51350
51339
51325
51303
51296
51289
51274
51269
51268
51259
51249
51242
51234
51231
51218
51212
51206
51202
51194
51171
51158
51157
51152
51142
51112
51095
51085
51071
51059
51046
51028
51017
51006
50991
50985
50982
50979
50976
50970
50962
50956
50956
50953
50951
50941
50941
50912
50906
50894
50893
50892
50888
50885
50856
50832
50831
50826
50826
50806
50793
50791
50788
50783
50767
50757
50742
50736
50736
50734
50725
50721
50716
50715
50712
50707
50696
50688
50684
50680
50676
50669
50665
50660
50655
50643
50614
50595
50582
50566
50541
50539
50535
50525
50510
50505
50504
50502
50500
50474
50473
50426
50408
50401
50381
50372
50369
50364
50363
50361
50344
50343
50342
50328
50326
50325
50323
50311
50298
50297
50294
50283
50281
50263
50261
50250
50241
50209
50192
50178
50165
50162
50151
50142
50134
50127
50122
50095
50076
50068
50065
50058
50040
50030
50022
50021
50019
50009
50001
49994
49985
49954
49953
49947
49934
49914
49914
49912
49904
49871
49868
49867
49865
49858
49855
49849
49838
49827
49819
49810
49805
49797
49777
49768
49766
49759
49746
49740
49724
49716
49673
49671
49665
49656
49634
49616
49597
49578
49577
49565
49562
49556
49550
49545
49526
49518
49512
49481
49478
49474
49444
49426
49418
49398
49392
49389
49382
49377
49352
49321
49315
49302
49301
49297
49280
49279
49236
49227
49205
49187
49186
49172
49171
49161
49141
49122
49116
49101
49097
49068
49044
49036
48969
48952
48948
48944
48935
48933
48879
48877
48858
48853
48806
48805
48796
48795
48792
48763
48759
48754
48754
48752
48747
48730
48729
48726
48720
48711
48699
48691
48689
48668
48642
48602
48595
48592
48584
48573
48566
48566
48551
48543
48527
48523
48505
48503
48491
48487
48485
48476
48462
48443
48405
48396
48387
48365
48347
48325
48321
48313
48307
48302
48297
48284
48282
48276
48268
48268
48265
48258
48256
48250
48247
48245
48245
48243
48240
48227
48224
48220
48211
48204
48165
48165
48163
48160
48142
48140
48125
48124
48118
48115
48113
48111
48102
48096
48066
48059
48058
48046
48044
48043
48042
48035
48032
48018
48008
47997
47994
47992
47988
47986
47980
47977
47961
47925
47924
47912
47911
47894
47891
47884
47879
47878
47864
47864
47860
47859
47819
47806
47801
47793
47780
47773
47767
47760
47760
47756
47753
47746
47740
47708
47680
47675
47663
47654
47641
47628
47626
47596
47593
47583
47576
47572
47571
47555
47536
47536
47535
47535
47529
47520
47520
47510
47506
47502
47493
47492
47487
47486
47477
47477
47455
47434
47425
47424
47406
47404
47394
47394
47392
47391
47386
47385
47377
47368
47365
47360
47346
47335
47324
47316
47314
47310
47292
47266
47244
47238
47231
47223
47210
47201
47199
47188
47182
47159
47147
47133
47129
47117
47116
47114
47105
47098
47090
47086
47085
47079
47072
47071
47051
47014
47005
46995
46980
46977
46976
46970
46958
46934
46925
46901
46896
46863
46853
46847
46833
46833
46832
46805
46792
46781
46766
46763
46745
46740
46736
46712
46697
46694
46693
46674
46667
46637
46605
46582
46563
46559
46558
46558
46555
46550
46549
46538
46538
46535
46529
46528
46527
46524
46518
46496
46496
46495
46481
46471
46458
46456
46453
46433
46421
46418
46416
46407
46401
46391
46386
46385
46382
46380
46353
46353
46350
46343
46335
46315
46282
46268
46232
46226
46224
46210
46209
46169
46167
46163
46146
46133
46124
46113
46108
46104
46102
46100
46088
46079
46073
46066
46040
46033
46025
46004
45988
45956
45939
45936
45933
45932
45929
45886
45872
45868
45868
45868
45857
45850
45810
45808
45780
45769
45767
45765
45764
45758
45743
45709
45663
45635
45631
45616
45615
45615
45588
45573
45572
45552
45542
45542
45496
45488
45486
45476
45476
45470
45465
45452
45436
45432
45401
45400
45399
45392
45385
45369
45367
45363
45359
45357
45352
45347
45343
45318
45290
45285
45284
45262
45260
45256
45233
45230
45219
45210
45207
45199
45146
45144
45132
45131
45095
45063
45040
45036
45019
45015
44997
44988
44988
44985
44983
44979
44970
44964
44963
44950
44950
44943
44935
44933
44925
44920
44914
44912
44898
44896
44894
44893
44856
44840
44800
44798
44788
44785
44780
44773
44761
44754
44751
44724
44723
44717
44716
44712
44708
44698
44669
44666
44665
44654
44640
44640
44637
44626
44614
44564
44563
44553
44552
44540
44531
44524
44514
44512
44503
44502
44496
44487
44483
44481
44474
44473
44467
44464
44453
44451
44444
44343
44343
44341
44338
44333
44301
44290
44279
44272
44267
44259
44252
44243
44243
44236
44234
44233
44226
44176
44137
44124
44119
44112
44105
44092
44086
44060
44059
44058
44025
43998
43988
43977
43975
43973
43951
43933
43926
43907
43901
43900
43900
43859
43851
43844
43816
43813
43802
43790
43780
43780
43771
43763
43733
43704
43699
43684
43683
43673
43659
43656
43652
43640
43639
43630
43627
43619
43618
43610
43588
43575
43567
43565
43545
43531
43517
43511
43490
43484
43448
43443
43436
43433
43405
43401
43390
43384
43368
43362
43354
43344
43341
43333
43328
43326
43301
43292
43280
43257
43251
43248
43238
43233
43232
43226
43211
43202
43197
43195
43192
43186
43183
43166
43165
43156
43149
43147
43141
43140
43139
43134
43130
43129
43126
43121
43118
43101
43098
43094
43086
43076
43072
43066
43065
43060
43060
43060
43056
43055
43052
43015
43003
42994
42994
42986
42983
42978
42967
42920
42886
42878
42876
42846
42840
42839
42837
42835
42783
42755
42752
42698
42657
42656
42650
42642
42618
42616
42606
42587
42585
42581
42576
42574
42566
42561
42558
42552
42534
42524
42523
42522
42502
42500
42494
42485
42457
42412
42400
42386
42383
42379
42378
42375
42371
42367
42344
42334
42330
42312
42296
42292
42287
42276
42275
42274
42256
42249
42247
42234
42228
42226
42226
42212
42206
42188
42184
42168
42165
42125
42117
42103
42083
42057
42057
42055
42045
42045
42042
42016
42005
42000
41984
41969
41954
41947
41927
41917
41910
41894
41887
41849
41837
41822
41817
41805
41802
41779
41777
41754
41748
41735
41724
41715
41694
41693
41687
41685
41678
41662
41662
41659
41621
41620
41620
41577
41571
41550
41530
41525
41522
41511
41508
41503
41490
41488
41475
41468
41454
41448
41446
41440
41435
41432
41430
41425
41425
41422
41408
41404
41402
41396
41367
41307
41306
41304
41299
41295
41291
41263
41248
41248
41247
41240
41238
41223
41218
41216
41211
41207
41181
41156
41117
41091
41081
41073
41065
41063
41059
41051
41042
41036
41033
41019
40986
40980
40966
40953
40953
40947
40945
40933
40902
40895
40887
40873
40864
40853
40852
40840
40836
40826
40826
40825
40824
40816
40806
40797
40792
40781
40774
40766
40763
40760
40759
40741
40738
40730
40725
40709
40709
40702
40701
40643
40640
40636
40627
40614
40584
40568
40567
40556
40556
40544
40543
40542
40532
40530
40528
40520
40517
40503
40487
40461
40458
40456
40441
40440
40438
40425
40422
40406
40356
40343
40335
40316
40295
40291
40291
40278
40268
40264
40257
40253
40236
40231
40222
40206
40204
40190
40176
40175
40173
40164
40156
40111
40109
40083
40083
40082
40079
40077
40077
40069
40068
40068
40034
40028
40009
40006
40004
39981
39973
39959
39949
39947
39927
39909
39907
39853
39850
39850
39843
39835
39829
39804
39784
39781
39770
39764
39752
39745
39734
39721
39721
39711
39704
39698
39690
39687
39679
39676
39674
39667
39664
39662
39644
39642
39605
39604
39597
39594
39593
39589
39578
39577
39575
39556
39553
39544
39541
39518
39496
39494
39488
39475
39448
39429
39426
39409
39406
39402
39401
39396
39375
39366
39353
39314
39309
39302
39298
39292
39284
39272
39271
39261
39254
39251
39238
39236
39236
39225
39219
39214
39211
39208
39193
39188
39186
39169
39155
39144
39137
39136
39085
39085
39070
39064
39060
39056
39035
39028
39003
39000
38997
38989
38982
38970
38969
38957
38957
38939
38938
38926
38918
38913
38912
38907
38901
38896
38869
38864
38846
38842
38839
38834
38826
38815
38803
38783
38764
38761
38751
38746
38739
38727
38700
38688
38677
38663
38661
38660
38656
38654
38615
38560
38560
38539
38539
38531
38530
38495
38484
38459
38459
38450
38431
38421
38405
38404
38379
38375
38373
38372
38369
38368
38359
38356
38344
38336
38311
38283
38283
38270
38269
38261
38240
38235
38233
38223
38221
38209
38207
38197
38181
38137
38122
38121
38121
38114
38044
38029
38017
38007
38005
38001
37979
37971
37969
37964
37956
37948
37940
37939
37931
37915
37913
37909
37893
37861
37840
37834
37821
37818
37811
37810
37792
37764
37744
37736
37718
37714
37708
37708
37697
37671
37649
37614
37609
37605
37571
37560
37555
37551
37547
37542
37542
37535
37523
37520
37511
37507
37493
37481
37478
37438
37432
37428
37424
37419
37419
37403
37372
37369
37363
37359
37339
37331
37328
37326
37285
37233
37230
37229
37225
37221
37211
37207
37200
37186
37184
37179
37175
37168
37161
37159
37135
37135
37133
37131
37127
37127
37126
37125
37094
37063
37058
37049
37032
37026
37012
36999
36999
36999
36993
36992
36964
36949
36940
36938
36925
36923
36921
36917
36914
36903
36902
36897
36893
36890
36888
36871
36863
36862
36854
36853
36851
36844
36841
36840
36835
36830
36828
36818
36803
36796
36796
36787
36779
36779
36775
36769
36766
36752
36730
36709
36702
36701
36692
36678
36663
36638
36633
36615
36610
36601
36580
36558
36554
36548
36542
36529
36504
36476
36463
36460
36451
36446
36444
36410
36409
36370
36360
36331
36322
36316
36304
36267
36252
36252
36213
36202
36178
36170
36152
36148
36112
36110
36109
36106
36105
36105
36098
36087
36082
36061
36040
36009
35993
35971
35962
35960
35957
35954
35939
35930
35927
35913
35909
35895
35878
35877
35877
35861
35859
35855
35855
35851
35830
35820
35806
35786
35775
35762
35759
35753
35732
35732
35732
35721
35721
35710
35709
35705
35696
35695
35694
35671
35665
35665
35639
35639
35635
35631
35615
35593
35587
35568
35564
35558
35557
35553
35543
35503
35499
35490
35475
35474
35472
35472
35453
35450
35442
35442
35424
35419
35413
35406
35401
35399
35383
35353
35336
35325
35322
35320
35312
35310
35309
35302
35293
35292
35286
35277
35268
35258
35257
35240
35215
35212
35210
35206
35196
35186
35176
35149
35140
35132
35129
35127
35126
35104
35100
35094
35091
35089
35086
35077
35072
35064
35042
35036
35034
35023
35004
35004
34996
34990
34971
34964
34962
34932
34930
34927
34880
34875
34862
34847
34820
34819
34805
34802
34787
34783
34776
34769
34757
34751
34741
34733
34726
34717
34716
34701
34674
34666
34664
34661
34659
34647
34636
34630
34629
34625
34618
34607
34607
34602
34591
34576
34569
34568
34555
34553
34540
34540
34533
34512
34508
34491
34488
34474
34459
34450
34448
34440
34425
34417
34417
34415
34413
34407
34406
34404
34402
34401
34400
34388
34381
34378
34372
34366
34365
34359
34357
34353
34341
34339
34316
34316
34316
34314
34313
34303
34303
34300
34295
34294
34288
34280
34272
34268
34264
34214
34213
34200
34200
34193
34191
34187
34171
34163
34155
34142
34139
34121
34118
34117
34117
34117
34103
34097
34078
34058
34054
34052
34027
33984
33971
33965
33965
33957
33943
33936
33926
33913
33904
33900
33898
33879
33879
33877
33871
33866
33848
33840
33835
33828
33812
33803
33797
33794
33784
33781
33779
33779
33776
33759
33739
33719
33703
33672
33662
33661
33639
33632
33619
33601
33601
33591
33572
33568
33564
33540
33517
33507
33505
33503
33492
33490
33486
33477
33422
33418
33415
33406
33400
33382
33368
33362
33356
33356
33350
33340
33338
33335
33321
33312
33304
33297
33290
33271
33270
33261
33259
33258
33254
33248
33240
33214
33201
33189
33187
33178
33170
33160
33160
33129
33125
33124
33112
33109
33107
33106
33097
33091
33089
33072
33067
33062
33010
33004
32998
32975
32968
32960
32954
32953
32940
32939
32912
32912
32903
32895
32880
32874
32870
32855
32841
32838
32824
32813
32795
32764
32750
32749
32747
32745
32730
32728
32726
32697
32680
32673
32666
32664
32650
32638
32638
32634
32606
32591
32577
32532
32510
32491
32491
32476
32453
32446
32438
32427
32425
32413
32409
32404
32391
32373
32363
32346
32326
32319
32310
32305
32301
32267
32260
32257
32254
32245
32236
32236
32231
32227
32227
32191
32167
32159
32158
32157
32137
32133
32120
32119
32119
32113
32104
32078
32076
32062
32042
32038
32016
31986
31975
31964
31963
31960
31956
31946
31943
31930
31924
31919
31918
31913
31908
31889
31882
31880
31874
31853
31851
31851
31842
31830
31806
31801
31792
31792
31791
31787
31774
31747
31745
31743
31719
31717
31713
31704
31697
31681
31678
31672
31665
31661
31657
31651
31651
31645
31628
31610
31585
31585
31567
31563
31548
31547
31514
31510
31500
31498
31489
31474
31459
31434
31414
31409
31397
31397
31392
31390
31385
31365
31365
31364
31351
31341
31337
31336
31332
31315
31314
31306
31302
31302
31286
31285
31283
31282
31261
31257
31252
31243
31239
31227
31217
31213
31211
31198
31181
31176
31175
31158
31154
31153
31140
31135
31135
31123
31122
31097
31093
31084
31083
31073
31046
31034
31033
31022
31011
31010
30981
30978
30972
30967
30958
30944
30943
30938
30933
30931
30931
30906
30905
30899
30881
30879
30879
30862
30860
30849
30845
30839
30831
30821
30816
30815
30809
30806
30803
30802
30786
30784
30784
30775
30766
30723
30720
30699
30698
30697
30685
30682
30682
30678
30669
30654
30650
30633
30628
30623
30603
30584
30583
30567
30564
30559
30551
30544
30534
30511
30510
30510
30510
30488
30469
30455
30448
30444
30428
30427
30420
30414
30398
30375
30370
30364
30352
30349
30346
30337
30333
30297
30297
30290
30275
30265
30261
30258
30256
30256
30220
30204
30198
30198
30198
30181
30171
30168
30163
30154
30151
30150
30149
30145
30143
30140
30121
30095
30083
30079
30071
30067
30060
30058
30057
30016
30015
30013
29999
29993
29992
29978
29970
29968
29963
29957
29957
29952
29949
29941
29939
29937
29926
29921
29919
29919
29912
29909
29898
29886
29885
29877
29873
29865
29859
29858
29851
29830
29809
29800
29797
29750
29749
29729
29725
29716
29713
29699
29699
29685
29679
29678
29674
29668
29650
29644
29629
29627
29616
29606
29588
29587
29577
29574
29556
29546
29518
29510
29507
29494
29493
29481
29447
29444
29444
29434
29423
29418
29414
29413
29410
29404
29396
29394
29384
29365
29363
29338
29336
29303
29296
29281
29257
29255
29243
29243
29242
29238
29220
29214
29203
29195
29140
29139
29108
29098
29088
29078
29066
29035
29028
29018
29010
29003
29002
28993
28989
28974
28946
28942
28937
28895
28894
28888
28885
28875
28855
28853
28850
28836
28827
28825
28818
28818
28811
28808
28793
28781
28779
28770
28769
28756
28748
28743
28725
28720
28713
28705
28705
28702
28695
28676
28675
28668
28646
28627
28621
28600
28594
28593
28590
28580
28554
28545
28542
28530
28520
28505
28496
28495
28478
28469
28468
28463
28462
28455
28452
28433
28432
28429
28404
28383
28374
28374
28372
28361
28342
28336
28332
28325
28318
28310
28290
28286
28284
28281
28272
28264
28244
28243
28208
28190
28169
28168
28156
28143
28140
28140
28105
28099
28089
28054
28037
28033
28032
28026
28017
28016
28009
27983
27963
27959
27949
27926
27924
27922
27915
27912
27910
27908
27907
27902
27875
27870
27867
27865
27846
27829
27817
27806
27805
27779
27711
27709
27703
27700
27693
27687
27668
27661
27646
27643
27633
27629
27628
27626
27608
27604
27600
27598
27551
27546
27544
27512
27494
27480
27461
27438
27434
27430
27427
27395
27378
27376
27361
27355
27350
27343
27338
27327
27310
27297
27283
27282
27256
27240
27226
27225
27222
27186
27169
27162
27146
27146
27127
27109
27094
27088
27080
27065
27037
27019
26988
26947
26943
26930
26923
26907
26905
26895
26868
26839
26834
26830
26829
26823
26820
26819
26804
26796
26792
26783
26779
26765
26756
26745
26716
26705
26692
26679
26654
26640
26638
26638
26621
26619
26618
26617
26614
26602
26587
26586
26576
26543
26539
26535
26530
26528
26520
26515
26513
26477
26467
26462
26445
26442
26437
26435
26433
26422
26419
26419
26410
26410
26381
26379
26367
26356
26338
26324
26306
26267
26246
26228
26222
26216
26205
26192
26150
26136
26110
26106
26088
26087
26086
26085
26080
26058
26050
26047
25999
25992
25986
25983
25972
25969
25966
25963
25953
25943
25926
25923
25903
25901
25889
25873
25872
25866
25855
25843
25839
25829
25818
25811
25797
25787
25785
25782
25779
25778
25767
25760
25746
25746
25735
25645
25644
25635
25634
25623
25621
25617
25607
25599
25590
25568
25565
25562
25558
25556
25498
25492
25485
25484
25479
25466
25461
25456
25454
25451
25447
25446
25436
25421
25418
25416
25413
25382
25364
25358
25350
25348
25340
25332
25321
25278
25259
25256
25247
25203
25202
25192
25191
25189
25189
25182
25177
25175
25150
25129
25120
25115
25106
25098
25093
25069
25062
25060
24994
24972
24965
24960
24944
24921
24891
24886
24852
24846
24843
24815
24807
24805
24804
24803
24786
24785
24780
24772
24752
24747
24732
24704
24700
24700
24692
24687
24664
24655
24652
24650
24649
24621
24602
24594
24585
24584
24556
24548
24548
24529
24522
24521
24505
24503
24491
24478
24470
24458
24457
24450
24447
24442
24420
24418
24408
24408
24375
24373
24348
24337
24323
24313
24304
24302
24289
24271
24269
24253
24229
24225
24223
24222
24214
24210
24186
24172
24170
24167
24150
24145
24102
24099
24095
24018
24016
24015
24009
23996
23994
23978
23976
23964
23951
23947
23945
23940
23912
23886
23882
23882
23861
23836
23828
23823
23817
23814
23813
23805
23805
23788
23784
23778
23777
23774
23770
23754
23720
23715
23698
23694
23673
23666
23662
23629
23619
23609
23607
23599
23578
23575
23525
23523
23521
23516
23500
23494
23480
23465
23459
23441
23434
23430
23429
23421
23414
23411
23409
23399
23342
23332
23332
23328
23317
23317
23308
23280
23262
23248
23238
23228
23216
23210
23197
23185
23144
23130
23127
23111
23110
23108
23106
23098
23089
23064
23057
23054
23053
23045
23045
23031
23027
23005
22995
22988
22973
22964
22942
22935
22928
22921
22888
22883
22865
22850
22840
22832
22831
22814
22814
22796
22794
22778
22759
22755
22755
22754
22754
22746
22736
22734
22731
22719
22707
22699
22694
22693
22686
22682
22677
22658
22615
22613
22612
22607
22603
22602
22598
22585
22572
22567
22538
22513
22505
22496
22480
22479
22478
22436
22404
22403
22393
22388
22376
22351
22347
22342
22333
22318
22290
22268
22245
22224
22201
22201
22185
22176
22166
22159
22155
22153
22146
22142
22139
22132
22129
22126
22116
22114
22110
22106
22092
22071
22070
22058
22047
22043
22035
22030
22017
22008
21997
21995
21980
21975
21974
21953
21928
21928
21927
21904
21892
21892
21890
21881
21866
21835
21834
21830
21809
21795
21792
21759
21757
21754
21751
21750
21742
21702
21691
21667
21651
21648
21641
21613
21604
21591
21584
21584
21555
21538
21520
21516
21513
21484
21464
21434
21417
21384
21360
21355
21330
21326
21320
21319
21311
21309
21305
21291
21291
21290
21287
21266
21248
21240
21217
21206
21206
21178
21172
21150
21135
21129
21105
21103
21102
21088
21065
21065
21057
21056
21028
21026
21016
20991
20988
20987
20983
20972
20965
20964
20959
20954
20919
20903
20873
20865
20843
20831
20787
20784
20768
20748
20734
20717
20711
20706
20706
20693
20690
20684
20683
20677
20636
20633
20627
20602
20591
20585
20550
20512
20510
20491
20482
20475
20464
20448
20445
20429
20419
20416
20398
20390
20384
20370
20357
20340
20327
20324
20321
20280
20252
20228
20228
20223
20209
20208
20206
20181
20168
20154
20151
20148
20144
20134
20116
20097
20090
20090
20069
20066
20057
20052
20042
20027
20025
20004
19995
19985
19977
19969
19968
19961
19960
19960
19959
19952
19941
19935
19932
19928
19928
19915
19911
19908
19899
19882
19863
19854
19839
19824
19810
19810
19808
19799
19793
19781
19778
19766
19765
19761
19758
19754
19731
19709
19706
19703
19700
19699
19695
19693
19676
19670
19659
19650
19650
19645
19619
19617
19597
19590
19589
19572
19568
19563
19560
19545
19544
19526
19523
19517
19515
19511
19509
19486
19483
19472
19470
19466
19451
19438
19435
19411
19403
19402
19399
19381
19367
19362
19354
19340
19336
19330
19330
19306
19300
19296
19290
19288
19271
19270
19249
19241
19225
19217
19207
19189
19127
19120
19112
19097
19095
19091
19077
19054
19035
19021
19020
19012
19004
18995
18990
18987
18984
18983
18983
18970
18964
18958
18957
18926
18923
18899
18891
18862
18836
18827
18817
18816
18816
18812
18809
18804
18789
18764
18760
18758
18752
18746
18740
18731
18711
18707
18700
18696
18695
18695
18685
18684
18675
18661
18624
18609
18603
18592
18589
18587
18568
18567
18548
18547
18547
18544
18539
18529
18524
18515
18506
18495
18492
18469
18468
18463
18460
18458
18452
18443
18443
18434
18425
18408
18387
18375
18368
18367
18358
18355
18354
18352
18348
18341
18335
18332
18321
18302
18301
18301
18299
18297
18292
18287
18285
18255
18245
18244
18231
18229
18215
18207
18159
18154
18149
18149
18146
18140
18126
18123
18122
18115
18092
18092
18091
18090
18068
18039
17999
17979
17978
17967
17959
17950
17909
17853
17835
17830
17830
17822
17794
17793
17784
17783
17777
17775
17772
17768
17759
17758
17751
17745
17737
17725
17703
17695
17688
17683
17681
17680
17679
17672
17661
17659
17640
17636
17630
17627
17598
17595
17591
17576
17553
17528
17523
17523
17514
17498
17477
17474
17472
17467
17433
17428
17417
17400
17391
17382
17376
17368
17355
17328
17300
17293
17283
17272
17271
17270
17270
17265
17262
17258
17253
17238
17232
17222
17208
17185
17176
17148
17148
17134
17128
17127
17119
17118
17114
17114
17104
17089
17087
17083
17080
17075
17062
17040
17038
17030
17028
17013
17012
17011
17007
17006
16967
16967
16941
16930
16914
16910
16893
16858
16850
16847
16828
16827
16826
16822
16816
16779
16777
16763
16758
16757
16753
16749
16742
16738
16694
16693
16692
16690
16671
16669
16664
16657
16653
16652
16650
16624
16622
16620
16617
16609
16605
16602
16596
16588
16583
16540
16538
16516
16513
16512
16511
16489
16475
16450
16414
16389
16376
16373
16364
16358
16346
16331
16321
16317
16315
16297
16295
16286
16280
16270
16262
16248
16240
16210
16203
16180
16113
16096
16094
16091
16071
16062
16052
16047
16031
16028
15987
15984
15981
15969
15967
15966
15948
15945
15939
15922
15916
15870
15838
15832
15826
15805
15792
15791
15779
15763
15759
15746
15740
15739
15731
15715
15712
15712
15699
15696
15680
15646
15645
15620
15614
15600
15595
15582
15581
15569
15559
15550
15542
15529
15524
15521
15506
15476
15476
15475
15471
15454
15447
15421
15417
15392
15382
15373
15351
15349
15339
15336
15328
15327
15313
15313
15309
15307
15297
15296
15290
15277
15260
15252
15245
15238
15216
15213
15197
15183
15177
15176
15172
15169
15125
15077
15072
15053
15047
15038
15030
15019
15017
15011
15008
15006
15005
15002
14997
14987
14970
14966
14955
14940
14922
14895
14891
14870
14869
14846
14845
14841
14838
14831
14827
14826
14821
14819
14816
14814
14803
14796
14746
14745
14737
14706
14705
14696
14689
14667
14660
14651
14645
14626
14624
14618
14611
14608
14601
14599
14593
14584
14583
14566
14531
14527
14520
14517
14515
14509
14505
14498
14491
14488
14487
14463
14428
14425
14425
14419
14417
14415
14407
14407
14400
14395
14394
14392
14382
14363
14359
14349
14347
14331
14306
14302
14298
14297
14290
14284
14279
14269
14266
14262
14260
14255
14245
14213
14212
14210
14208
14201
14198
14197
14185
14183
14182
14181
14173
14153
14140
14130
14129
14099
14096
14095
14090
14089
14082
14080
14071
14065
14065
14063
14063
14041
14031
14024
14018
14012
14009
14006
13999
13983
13979
13962
13950
13945
13933
13931
13930
13922
13897
13891
13889
13873
13861
13850
13848
13839
13828
13824
13820
13815
13813
13812
13795
13780
13774
13769
13765
13743
13719
13717
13712
13707
13707
13704
13664
13662
13653
13621
13621
13606
13595
13588
13582
13567
13559
13554
13547
13544
13542
13539
13527
13525
13507
13495
13468
13459
13440
13438
13427
13418
13416
13414
13383
13379
13356
13350
13350
13342
13338
13332
13316
13289
13277
13268
13264
13263
13254
13246
13217
13195
13178
13171
13171
13125
13122
13103
13099
13096
13089
13082
13080
13062
13060
13058
13054
13049
13043
13040
13031
13014
13006
12993
12987
12986
12984
12962
12955
12943
12930
12922
12891
12887
12882
12866
12846
12839
12826
12814
12812
12804
12791
12788
12785
12770
12761
12760
12756
12755
12737
12730
12696
12695
12647
12645
12632
12615
12605
12604
12601
12599
12569
12567
12554
12541
12535
12534
12528
12526
12524
12517
12516
12511
12505
12502
12489
12479
12466
12462
12460
12449
12442
12440
12406
12399
12385
12379
12373
12371
12366
12354
12338
12336
12331
12327
12327
12316
12293
12285
12271
12269
12266
12254
12240
12240
12239
12238
12232
12196
12193
12193
12192
12182
12177
12147
12140
12139
12138
12135
12133
12105
12090
12081
12062
12031
12009
11995
11994
11982
11968
11938
11928
11908
11895
11875
11874
11862
11853
11851
11843
11827
11825
11825
11822
11813
11809
11808
11787
11782
11770
11768
11723
11709
11701
11700
11684
11661
11656
11650
11644
11633
11631
11617
11606
11583
11582
11538
11528
11527
11520
11517
11510
11506
11496
11496
11496
11491
11488
11488
11482
11470
11451
11434
11427
11412
11403
11401
11332
11332
11321
11300
11299
11269
11266
11262
11262
11260
11246
11245
11245
11229
11219
11214
11212
11207
11202
11201
11200
11180
11175
11168
11166
11162
11157
11131
11129
11119
11093
11060
11058
11057
11057
11053
11040
11030
11026
11025
11022
11015
11012
11008
10997
10973
10968
10961
10946
10935
10924
10920
10895
10888
10881
10879
10872
10869
10851
10851
10836
10832
10827
10801
10772
10771
10750
10705
10690
10670
10666
10646
10646
10637
10636
10580
10580
10573
10572
10525
10519
10497
10488
10487
10485
10477
10469
10468
10460
10459
10454
10435
10426
10411
10409
10389
10379
10363
10358
10331
10328
10312
10311
10308
10274
10242
10240
10224
10213
10191
10186
10186
10183
10177
10160
10159
10128
10118
10118
10115
10107
10099
10083
10079
10062
10050
10024
10006
10003
10002
9997
9992
9982
9967
9912
9892
9892
9890
9890
9885
9882
9868
9865
9859
9854
9813
9813
9788
9777
9774
9765
9761
9749
9734
9718
9715
9708
9705
9701
9701
9693
9692
9678
9672
9661
9648
9647
9633
9607
9601
9599
9576
9569
9564
9522
9519
9511
9496
9492
9492
9491
9488
9487
9476
9471
9432
9420
9411
9407
9407
9406
9401
9399
9380
9379
9377
9355
9354
9350
9333
9333
9328
9326
9320
9309
9286
9283
9258
9234
9230
9221
9199
9196
9190
9176
9169
9164
9164
9145
9145
9134
9132
9132
9119
9105
9094
9083
9047
9035
9031
9030
9009
8997
8965
8947
8941
8919
8915
8900
8897
8894
8889
8884
8876
8876
8857
8842
8834
8807
8787
8774
8755
8749
8743
8724
8721
8713
8713
8698
8694
8687
8686
8686
8679
8678
8658
8617
8583
8573
8564
8558
8545
8528
8527
8522
8502
8499
8498
8495
8486
8460
8459
8454
8439
8439
8424
8400
8367
8362
8350
8342
8332
8325
8307
8289
8286
8282
8266
8260
8251
8250
8246
8236
8234
8231
8227
8225
8215
8204
8187
8184
8178
8177
8169
8151
8144
8144
8106
8085
8078
8070
8069
8056
8052
8046
8040
8025
8024
8009
8003
8000
7955
7945
7945
7945
7944
7944
7926
7913
7906
7895
7877
7876
7870
7857
7853
7850
7846
7841
7841
7839
7835
7831
7817
7813
7810
7801
7795
7785
7755
7750
7745
7743
7741
7710
7688
7688
7683
7681
7668
7663
7660
7642
7612
7601
7598
7588
7587
7575
7559
7558
7554
7548
7547
7541
7529
7527
7526
7509
7503
7493
7490
7485
7463
7454
7439
7416
7396
7387
7386
7366
7361
7350
7345
7344
7342
7339
7322
7320
7281
7269
7267
7265
7236
7232
7207
7205
7191
7189
7171
7152
7146
7118
7115
7094
7083
7080
7058
7058
7052
7051
7050
7047
7030
7027
7027
7003
6982
6976
6970
6965
6960
6956
6956
6954
6950
6938
6929
6928
6917
6907
6907
6904
6900
6899
6895
6871
6850
6844
6810
6807
6806
6799
6786
6781
6778
6769
6763
6750
6750
6748
6741
6735
6728
6719
6702
6694
6680
6675
6671
6650
6649
6647
6645
6637
6633
6622
6617
6614
6611
6583
6575
6552
6536
6528
6519
6517
6506
6499
6497
6478
6473
6472
6444
6441
6433
6420
6419
6417
6412
6408
6408
6401
6373
6369
6350
6344
6342
6331
6329
6328
6326
6323
6318
6305
6295
6284
6280
6276
6273
6271
6259
6244
6234
6232
6232
6218
6212
6210
6197
6194
6188
6181
6179
6176
6169
6155
6153
6129
6115
6107
6091
6091
6090
6089
6086
6078
6048
6040
5998
5998
5958
5953
5938
5938
5932
5888
5865
5860
5851
5837
5835
5833
5825
5824
5814
5807
5803
5800
5787
5780
5772
5760
5758
5747
5732
5720
5688
5663
5655
5653
5651
5644
5636
5621
5616
5605
5587
5582
5559
5558
5553
5547
5544
5531
5511
5504
5503
5483
5482
5471
5456
5430
5427
5422
5420
5399
5384
5372
5371
5345
5338
5336
5332
5326
5323
5297
5296
5293
5289
5267
5263
5259
5250
5240
5239
5225
5192
5191
5177
5176
5166
5158
5156
5153
5143
5130
5130
5129
5116
5112
5097
5090
5070
5061
5059
5047
5043
5028
4997
4987
4956
4952
4935
4928
4914
4892
4888
4888
4874
4867
4858
4843
4826
4818
4806
4800
4799
4798
4785
4785
4780
4779
4772
4768
4747
4725
4720
4710
4703
4697
4690
4660
4653
4622
4616
4605
4590
4587
4566
4559
4546
4546
4545
4535
4530
4527
4524
4523
4491
4487
4486
4482
4471
4469
4456
4435
4434
4431
4425
4409
4393
4387
4314
4313
4309
4304
4301
4290
4282
4267
4264
4263
4242
4241
4227
4222
4211
4198
4189
4180
4172
4170
4157
4127
4113
4112
4109
4090
4088
4051
4048
4045
4027
4017
4002
3993
3982
3977
3961
3955
3939
3918
3915
3912
3907
3902
3899
3896
3857
3854
3832
3818
3803
3799
3788
3769
3762
3762
3759
3758
3727
3725
3723
3710
3707
3693
3689
3688
3678
3675
3673
3666
3651
3650
3643
3631
3607
3598
3597
3584
3582
3581
3552
3549
3547
3544
3524
3521
3494
3481
3477
3474
3455
3447
3405
3402
3389
3389
3375
3361
3351
3347
3338
3336
3332
3330
3328
3320
3315
3269
3268
3263
3257
3255
3241
3233
3195
3180
3177
3177
3176
3176
3165
3142
3138
3125
3108
3108
3104
3100
3096
3046
3017
3003
2994
2947
2940
2938
2930
2918
2917
2887
2886
2874
2873
2852
2825
2820
2811
2806
2803
2788
2778
2770
2768
2765
2755
2754
2751
2747
2735
2734
2719
2709
2693
2662
2657
2656
2654
2653
2653
2636
2636
2631
2623
2619
2611
2606
2597
2597
2584
2573
2562
2561
2553
2540
2524
2505
2497
2492
2484
2453
2448
2431
2431
2420
2418
2417
2395
2395
2377
2359
2355
2355
2333
2333
2331
2329
2313
2303
2300
2290
2244
2212
2204
2204
2201
2188
2174
2167
2161
2155
2139
2135
2132
2121
2117
2113
2097
2092
2092
2051
2042
2039
2024
2020
2014
2013
2012
2008
2004
1995
1982
1981
1956
1953
1952
1933
1932
1923
1914
1900
1896
1883
1880
1871
1861
1852
1839
1835
1834
1830
1804
1765
1761
1746
1742
1738
1735
1733
1716
1714
1701
1700
1700
1691
1670
1664
1660
1651
1644
1640
1633
1626
1619
1615
1614
1611
1610
1608
1608
1596
1582
1561
1544
1543
1533
1526
1519
1518
1513
1509
1504
1457
1451
1447
1441
1426
1425
1423
1416
1411
1404
1398
1397
1378
1376
1371
1367
1364
1356
1354
1354
1354
1345
1340
1318
1311
1305
1288
1255
1254
1252
1249
1222
1212
1211
1208
1190
1185
1176
1172
1171
1168
1152
1149
1120
1105
1103
1103
1098
1091
1088
1073
1065
1050
993
991
988
987
987
981
979
972
968
967
948
947
942
928
911
900
879
868
867
861
852
826
820
811
804
801
797
771
764
750
748
742
722
718
707
703
692
689
669
645
643
643
633
615
610
608
603
582
579
573
567
548
539
538
537
531
527
525
522
510
506
500
500
499
486
476
461
457
455
429
427
411
397
391
384
369
358
351
349
337
332
321
318
306
303
290
272
259
254
248
248
241
239
238
231
229
210
195
192
188
173
170
169
151
144
141
139
136
128
127
126
122
119
116
112
97
95
91
75
66
47
34
4
