4
19
21
22
47
122
136
139
141
142
151
151
169
170
173
188
192
195
229
238
241
248
254
259
261
272
298
306
311
321
323
325
326
332
337
342
344
358
361
364
372
397
408
411
457
461
474
476
499
500
500
505
510
510
522
525
537
538
539
548
567
582
582
595
603
615
633
643
643
645
660
669
676
680
684
688
692
696
707
718
742
742
750
764
791
797
804
811
826
826
832
861
868
885
888
906
911
912
942
947
948
962
968
976
979
981
987
991
1006
1017
1046
1050
1085
1088
1091
1095
1098
1105
1171
1206
1211
1212
1212
1218
1249
1252
1254
1259
1288
1289
1296
1303
1305
1311
1318
1325
1339
1340
1345
1354
1356
1364
1378
1398
1404
1404
1423
1430
1430
1451
1467
1497
1504
1518
1519
1526
1528
1544
1547
1561
1563
1582
1592
1599
1603
1608
1610
1611
1614
1615
1621
1626
1640
1644
1651
1651
1652
1659
1660
1664
1670
1691
1700
1700
1709
1716
1719
1720
1729
1738
1742
1746
1761
1773
1784
1804
1827
1830
1834
1858
1861
1877
1896
1900
1914
1923
1932
1935
1939
1947
1948
1952
1953
1995
2004
2008
2012
2014
2024
2039
2048
2051
2092
2097
2113
2131
2132
2135
2139
2150
2178
2187
2204
2204
2212
2217
2219
2229
2240
2252
2257
2260
2288
2290
2303
2313
2328
2329
2353
2355
2355
2364
2375
2377
2379
2395
2399
2417
2420
2431
2450
2463
2480
2497
2540
2561
2562
2573
2576
2597
2597
2605
2611
2619
2656
2657
2658
2658
2662
2685
2709
2719
2727
2736
2749
2751
2765
2806
2811
2816
2823
2825
2834
2852
2866
2874
2886
2887
2917
2925
2927
2930
2938
2944
2945
2947
2948
2952
2980
2984
2989
3001
3016
3017
3022
3046
3050
3073
3096
3100
3104
3104
3108
3108
3108
3135
3136
3138
3142
3176
3176
3180
3180
3195
3212
3227
3240
3244
3257
3272
3301
3314
3326
3333
3351
3360
3361
3362
3389
3389
3389
3405
3442
3455
3474
3478
3481
3493
3494
3496
3500
3510
3514
3521
3540
3543
3544
3547
3578
3582
3591
3597
3607
3609
3638
3643
3651
3663
3665
3666
3673
3675
3687
3689
3689
3712
3723
3727
3743
3758
3759
3800
3803
3808
3819
3819
3820
3844
3857
3861
3912
3912
3915
3918
3938
3947
3966
3976
3977
3993
4002
4009
4022
4030
4040
4045
4045
4048
4051
4059
4081
4088
4090
4106
4109
4140
4141
4157
4189
4216
4222
4227
4239
4242
4251
4257
4282
4290
4304
4306
4312
4313
4330
4334
4342
4342
4349
4387
4409
4425
4431
4432
4434
4435
4441
4456
4479
4487
4491
4500
4505
4513
4523
4524
4527
4530
4532
4546
4559
4605
4631
4650
4658
4660
4666
4688
4690
4697
4703
4710
4720
4725
4768
4772
4772
4780
4784
4785
4788
4791
4798
4799
4806
4818
4826
4838
4843
4858
4867
4874
4888
4888
4892
4938
4955
4960
4977
4987
4996
5014
5028
5035
5038
5041
5043
5046
5070
5088
5090
5093
5103
5108
5112
5116
5129
5130
5130
5137
5143
5156
5176
5177
5177
5188
5192
5192
5195
5202
5215
5239
5240
5266
5267
5268
5274
5282
5289
5291
5296
5306
5326
5332
5336
5338
5345
5368
5371
5384
5396
5399
5410
5420
5422
5427
5440
5445
5454
5469
5483
5553
5558
5579
5582
5587
5601
5605
5606
5616
5622
5624
5636
5644
5651
5653
5655
5663
5666
5688
5689
5718
5720
5755
5758
5760
5772
5774
5784
5787
5798
5809
5814
5822
5824
5825
5833
5835
5837
5860
5865
5879
5932
5938
5958
5965
5976
5994
5998
5998
6014
6034
6086
6091
6091
6112
6123
6141
6145
6148
6151
6153
6155
6181
6194
6198
6199
6212
6220
6232
6232
6234
6271
6273
6276
6278
6280
6302
6305
6323
6326
6328
6329
6331
6344
6350
6369
6373
6391
6394
6401
6401
6411
6417
6419
6420
6431
6433
6441
6455
6459
6472
6473
6478
6506
6517
6526
6530
6542
6543
6564
6575
6606
6613
6617
6622
6637
6645
6664
6671
6680
6694
6702
6703
6709
6735
6748
6759
6763
6778
6780
6786
6801
6806
6807
6822
6834
6854
6854
6861
6862
6876
6880
6897
6899
6899
6904
6907
6907
6929
6938
6942
6954
6956
6956
6958
6960
6965
6970
6976
6982
6994
7027
7027
7030
7035
7047
7050
7052
7058
7058
7080
7084
7104
7118
7146
7158
7189
7231
7251
7281
7320
7322
7338
7342
7345
7350
7356
7366
7375
7383
7386
7416
7433
7463
7485
7490
7493
7503
7514
7516
7520
7526
7527
7529
7529
7530
7547
7551
7558
7559
7559
7575
7577
7582
7587
7587
7588
7601
7608
7618
7622
7658
7660
7668
7683
7688
7699
7703
7705
7730
7748
7750
7756
7760
7785
7790
7810
7817
7839
7841
7841
7850
7850
7853
7867
7876
7884
7886
7891
7893
7895
7926
7945
7948
7955
7995
7999
8000
8000
8006
8009
8009
8024
8025
8041
8046
8056
8069
8070
8113
8122
8127
8144
8144
8169
8177
8184
8189
8198
8204
8206
8215
8225
8234
8236
8245
8251
8260
8266
8285
8289
8311
8332
8340
8342
8361
8366
8367
8368
8368
8398
8411
8424
8439
8439
8459
8460
8483
8484
8486
8495
8498
8502
8523
8527
8528
8545
8564
8573
8600
8605
8637
8648
8679
8679
8683
8687
8694
8698
8718
8724
8743
8749
8760
8760
8762
8774
8790
8799
8818
8834
8842
8853
8876
8889
8891
8896
8897
8900
8905
8915
8919
8947
8997
9007
9009
9035
9047
9070
9077
9080
9082
9083
9086
9089
9097
9141
9145
9148
9164
9174
9185
9190
9197
9202
9202
9221
9229
9230
9234
9253
9266
9283
9286
9309
9326
9328
9331
9333
9350
9355
9377
9380
9399
9407
9411
9420
9427
9432
9446
9452
9458
9471
9476
9488
9492
9496
9508
9519
9564
9576
9578
9599
9604
9607
9633
9639
9647
9671
9672
9673
9692
9693
9708
9715
9718
9720
9731
9734
9749
9761
9765
9770
9777
9844
9868
9890
9892
9908
9912
9922
9963
9982
9982
9982
9992
9997
9997
10002
10003
10015
10024
10050
10052
10054
10057
10062
10080
10083
10083
10088
10098
10099
10107
10109
10115
10118
10159
10171
10183
10186
10213
10220
10226
10242
10246
10261
10269
10274
10308
10311
10327
10330
10333
10358
10380
10396
10411
10415
10434
10434
10435
10463
10463
10468
10469
10488
10497
10519
10531
10545
10572
10573
10580
10580
10584
10629
10636
10637
10637
10646
10690
10695
10719
10750
10750
10753
10757
10771
10772
10807
10824
10827
10829
10831
10832
10836
10851
10871
10881
10906
10920
10923
10925
10933
10935
10953
10953
10958
10961
10973
10986
11008
11025
11026
11039
11040
11046
11050
11061
11093
11105
11119
11123
11133
11162
11168
11174
11175
11183
11201
11202
11214
11216
11219
11221
11223
11229
11245
11245
11253
11260
11262
11262
11267
11274
11282
11299
11302
11308
11325
11326
11327
11344
11358
11362
11371
11401
11413
11434
11466
11470
11488
11491
11493
11496
11509
11517
11520
11527
11538
11549
11553
11583
11589
11592
11598
11623
11632
11633
11644
11650
11651
11680
11691
11695
11709
11717
11749
11766
11782
11787
11789
11808
11809
11825
11827
11843
11853
11854
11862
11864
11879
11895
11918
11923
11928
11933
11938
11947
11950
11968
11972
11975
11995
12000
12006
12013
12031
12036
12114
12115
12133
12135
12139
12146
12147
12159
12177
12182
12192
12193
12195
12196
12211
12219
12222
12231
12232
12238
12240
12242
12246
12266
12268
12269
12271
12284
12285
12293
12316
12327
12327
12331
12345
12354
12362
12371
12376
12397
12399
12429
12436
12439
12440
12449
12462
12462
12481
12485
12489
12494
12511
12517
12524
12535
12569
12599
12604
12605
12627
12631
12632
12647
12692
12696
12719
12730
12737
12738
12743
12755
12756
12761
12765
12770
12773
12785
12788
12790
12802
12812
12814
12826
12846
12849
12891
12901
12916
12922
12929
12940
12942
12955
12962
12984
12993
12996
13011
13014
13021
13040
13043
13050
13060
13060
13062
13080
13099
13109
13125
13129
13145
13148
13169
13171
13175
13175
13187
13191
13194
13211
13227
13246
13254
13287
13288
13289
13292
13307
13308
13316
13338
13342
13350
13350
13356
13379
13400
13412
13414
13418
13434
13441
13457
13462
13468
13483
13495
13507
13508
13509
13538
13544
13552
13554
13559
13565
13567
13582
13593
13594
13606
13621
13653
13662
13664
13664
13707
13707
13717
13719
13728
13743
13768
13769
13774
13780
13781
13795
13803
13813
13835
13839
13889
13897
13922
13930
13931
13945
13950
13957
13999
14009
14023
14024
14063
14068
14069
14071
14072
14080
14088
14089
14090
14099
14116
14132
14160
14173
14179
14181
14182
14185
14190
14196
14197
14197
14198
14201
14212
14213
14238
14262
14266
14267
14269
14290
14302
14306
14320
14331
14340
14350
14363
14392
14392
14400
14407
14412
14417
14419
14440
14440
14442
14463
14502
14505
14514
14517
14521
14527
14531
14532
14552
14566
14567
14584
14585
14593
14611
14626
14632
14651
14657
14667
14682
14689
14712
14774
14788
14796
14816
14819
14826
14826
14827
14830
14834
14838
14846
14851
14869
14870
14881
14891
14932
14953
14995
15002
15005
15006
15011
15017
15046
15057
15061
15067
15078
15085
15130
15151
15161
15164
15169
15176
15177
15183
15187
15197
15214
15216
15217
15224
15245
15254
15277
15296
15297
15297
15303
15309
15313
15327
15336
15337
15339
15341
15349
15356
15358
15364
15366
15382
15382
15383
15389
15392
15397
15421
15426
15429
15454
15459
15471
15475
15476
15476
15477
15479
15490
15509
15521
15524
15524
15542
15550
15559
15574
15578
15592
15595
15620
15631
15654
15669
15678
15680
15689
15696
15698
15715
15731
15739
15759
15763
15763
15774
15775
15784
15791
15795
15796
15832
15838
15851
15866
15869
15885
15886
15897
15939
15942
15945
15948
15949
15959
15961
15967
15973
15976
16031
16047
16067
16070
16071
16091
16096
16104
16113
16113
16118
16145
16165
16177
16210
16224
16232
16253
16254
16262
16270
16274
16286
16289
16291
16293
16295
16315
16317
16335
16358
16364
16373
16377
16386
16389
16414
16427
16450
16475
16486
16489
16498
16499
16503
16508
16511
16513
16527
16538
16553
16555
16566
16572
16574
16576
16583
16588
16596
16601
16602
16622
16633
16650
16671
16688
16692
16694
16742
16744
16748
16749
16757
16779
16816
16828
16847
16850
16877
16888
16893
16904
16914
16930
16933
16941
16949
16951
16967
17009
17011
17012
17013
17030
17048
17080
17081
17083
17087
17089
17094
17104
17127
17148
17166
17182
17185
17204
17222
17232
17238
17253
17258
17262
17265
17271
17272
17311
17318
17328
17336
17368
17373
17376
17382
17395
17404
17434
17439
17453
17457
17463
17467
17477
17497
17498
17523
17536
17537
17595
17598
17626
17661
17672
17680
17683
17697
17700
17703
17725
17747
17751
17758
17772
17775
17775
17777
17783
17795
17821
17822
17827
17831
17835
17846
17868
17949
17950
17978
17988
17999
18003
18009
18035
18042
18045
18046
18061
18068
18070
18074
18077
18084
18086
18088
18090
18095
18098
18115
18123
18126
18134
18146
18146
18149
18170
18177
18190
18190
18198
18198
18207
18231
18243
18253
18261
18284
18285
18292
18299
18301
18302
18309
18321
18327
18333
18338
18339
18341
18347
18348
18352
18360
18364
18398
18408
18409
18410
18424
18425
18429
18433
18434
18437
18443
18443
18454
18458
18460
18468
18469
18492
18495
18521
18524
18529
18540
18541
18544
18548
18558
18568
18570
18579
18586
18587
18587
18589
18592
18624
18632
18661
18679
18684
18689
18691
18695
18700
18711
18715
18740
18741
18753
18758
18764
18774
18792
18792
18796
18814
18816
18817
18830
18832
18832
18836
18837
18856
18862
18879
18891
18903
18930
18934
18983
18984
18986
18995
19012
19024
19035
19040
19054
19091
19120
19123
19127
19180
19190
19207
19225
19246
19249
19270
19271
19272
19273
19276
19288
19290
19296
19330
19336
19340
19354
19354
19356
19362
19381
19384
19399
19402
19403
19411
19438
19454
19457
19466
19483
19483
19486
19487
19515
19525
19531
19544
19560
19563
19568
19572
19577
19585
19589
19590
19593
19617
19619
19650
19650
19666
19670
19672
19680
19687
19700
19706
19709
19719
19754
19759
19773
19793
19808
19818
19823
19824
19845
19854
19855
19857
19863
19881
19899
19907
19908
19913
19916
19921
19928
19941
19952
19959
19968
20015
20017
20023
20027
20028
20033
20039
20060
20067
20069
20090
20097
20117
20144
20148
20151
20154
20177
20181
20202
20205
20209
20228
20228
20252
20260
20261
20266
20280
20292
20340
20357
20364
20370
20386
20390
20413
20416
20418
20420
20422
20429
20448
20453
20463
20464
20475
20510
20523
20547
20548
20550
20585
20591
20596
20646
20653
20654
20683
20684
20690
20693
20711
20729
20748
20753
20754
20759
20762
20783
20784
20843
20850
20860
20860
20865
20873
20891
20895
20919
20920
20934
20939
20954
20972
20972
20983
20987
20988
20991
21007
21016
21026
21052
21056
21058
21088
21102
21103
21111
21129
21150
21155
21158
21172
21195
21206
21206
21206
21217
21250
21262
21264
21266
21276
21287
21290
21305
21305
21309
21319
21320
21320
21355
21360
21383
21406
21434
21439
21465
21477
21495
21497
21499
21500
21518
21520
21588
21591
21604
21613
21620
21623
21641
21651
21680
21702
21725
21733
21739
21754
21757
21785
21795
21799
21808
21830
21835
21850
21851
21875
21892
21904
21918
21926
21927
21928
21953
21964
21974
21980
21986
21995
21997
22017
22018
22041
22070
22092
22106
22116
22139
22142
22146
22150
22153
22160
22166
22176
22185
22201
22216
22220
22224
22242
22245
22265
22267
22288
22290
22309
22316
22318
22333
22334
22339
22342
22351
22354
22363
22376
22387
22388
22396
22413
22424
22456
22459
22461
22464
22470
22479
22480
22494
22514
22517
22568
22576
22585
22602
22603
22604
22612
22615
22680
22687
22699
22703
22707
22713
22719
22730
22731
22734
22746
22754
22754
22760
22778
22796
22814
22814
22831
22832
22850
22855
22857
22867
22885
22887
22888
22888
22889
22903
22911
22921
22928
22948
22981
22984
22996
23005
23007
23013
23027
23045
23053
23089
23090
23098
23106
23127
23130
23185
23208
23210
23238
23248
23257
23262
23280
23288
23315
23317
23326
23333
23335
23341
23342
23362
23369
23396
23399
23409
23410
23421
23430
23441
23443
23446
23455
23459
23465
23516
23525
23540
23543
23567
23575
23578
23584
23625
23644
23662
23666
23667
23680
23694
23698
23714
23715
23715
23716
23721
23735
23738
23746
23762
23774
23777
23778
23784
23787
23788
23805
23805
23812
23813
23836
23851
23861
23863
23870
23877
23882
23886
23907
23910
23915
23921
23929
23931
23934
23940
23992
23994
24065
24085
24109
24128
24135
24145
24170
24174
24186
24207
24207
24214
24220
24222
24222
24225
24236
24238
24246
24249
24252
24253
24264
24269
24292
24304
24323
24348
24405
24406
24408
24408
24418
24443
24445
24447
24458
24470
24478
24483
24485
24503
24505
24507
24511
24529
24532
24537
24584
24624
24650
24664
24679
24692
24700
24700
24701
24752
24776
24785
24786
24807
24808
24815
24826
24843
24844
24852
24862
24887
24902
24921
24938
24939
24940
24944
24960
24965
24972
24973
24982
24994
24998
25014
25037
25042
25057
25062
25064
25069
25084
25090
25093
25098
25114
25129
25140
25146
25149
25177
25184
25189
25189
25189
25191
25197
25201
25201
25203
25222
25245
25256
25259
25281
25328
25344
25345
25346
25348
25358
25358
25373
25397
25413
25416
25436
25446
25457
25461
25466
25469
25473
25474
25479
25483
25485
25494
25498
25532
25532
25537
25538
25564
25565
25580
25590
25599
25605
25609
25615
25621
25621
25634
25635
25645
25663
25681
25699
25701
25735
25746
25778
25779
25782
25785
25811
25818
25829
25836
25836
25843
25866
25872
25873
25875
25889
25897
25903
25940
25943
25943
25963
25972
25974
25986
25990
25990
25992
25999
26038
26040
26058
26061
26072
26077
26084
26085
26087
26087
26110
26117
26136
26146
26150
26152
26153
26154
26177
26185
26205
26216
26222
26228
26246
26250
26267
26296
26306
26314
26324
26338
26356
26357
26367
26374
26376
26379
26409
26410
26419
26422
26430
26433
26445
26465
26467
26491
26494
26518
26520
26530
26539
26543
26586
26596
26602
26618
26621
26640
26642
26663
26678
26679
26683
26684
26703
26704
26709
26711
26718
26745
26748
26756
26771
26773
26778
26779
26801
26806
26809
26819
26827
26830
26834
26839
26839
26861
26861
26895
26909
26923
26923
26924
26930
26942
26943
26952
26959
26962
26968
27017
27019
27037
27063
27088
27091
27091
27105
27109
27112
27146
27175
27184
27186
27212
27222
27225
27226
27256
27283
27284
27297
27310
27321
27327
27340
27355
27374
27374
27376
27390
27390
27390
27409
27430
27430
27431
27438
27448
27459
27480
27512
27544
27551
27570
27593
27600
27606
27608
27611
27629
27633
27646
27654
27661
27664
27675
27700
27703
27703
27709
27726
27744
27766
27806
27825
27829
27831
27861
27863
27869
27870
27907
27910
27912
27922
27938
27963
27980
27983
28009
28016
28017
28019
28032
28037
28037
28068
28074
28076
28077
28089
28090
28099
28105
28124
28140
28140
28143
28154
28162
28169
28171
28203
28208
28208
28243
28264
28281
28286
28290
28296
28310
28318
28331
28332
28336
28342
28355
28361
28364
28374
28381
28383
28386
28400
28404
28415
28421
28429
28452
28462
28463
28466
28469
28475
28505
28511
28520
28525
28530
28542
28554
28564
28576
28590
28592
28597
28602
28607
28621
28643
28646
28668
28675
28705
28725
28741
28743
28743
28748
28754
28756
28770
28778
28778
28781
28788
28788
28793
28796
28808
28811
28818
28821
28827
28849
28853
28855
28862
28875
28888
28894
28895
28912
28925
28937
28942
28960
28973
28974
28992
28993
29002
29003
29005
29018
29023
29028
29051
29066
29072
29078
29082
29088
29088
29090
29108
29108
29121
29138
29139
29140
29170
29195
29205
29206
29220
29238
29240
29242
29243
29255
29257
29307
29325
29326
29338
29348
29359
29365
29372
29384
29396
29413
29414
29416
29418
29430
29440
29444
29447
29454
29464
29493
29494
29497
29507
29518
29524
29540
29574
29577
29580
29588
29616
29629
29636
29642
29644
29651
29659
29660
29663
29670
29674
29681
29694
29699
29699
29703
29705
29713
29716
29725
29734
29748
29749
29750
29752
29771
29787
29824
29825
29830
29858
29859
29873
29877
29885
29898
29909
29912
29919
29926
29926
29937
29941
29949
29953
29957
29968
29970
29974
29990
29992
29993
29999
30013
30015
30057
30058
30062
30078
30079
30083
30095
30107
30121
30140
30141
30143
30151
30154
30163
30164
30168
30171
30176
30178
30181
30198
30198
30204
30209
30246
30256
30258
30265
30275
30297
30297
30304
30307
30313
30333
30333
30337
30346
30373
30375
30396
30398
30414
30415
30420
30427
30427
30428
30448
30450
30488
30492
30498
30505
30510
30510
30511
30511
30531
30534
30535
30535
30544
30551
30555
30557
30563
30564
30567
30576
30578
30583
30617
30624
30628
30632
30633
30641
30641
30654
30663
30669
30680
30682
30682
30685
30687
30698
30713
30714
30715
30729
30745
30750
30766
30775
30784
30786
30795
30806
30821
30822
30826
30834
30839
30839
30847
30848
30850
30860
30862
30874
30881
30906
30929
30931
30931
30934
30938
30947
30962
30977
30978
30981
31007
31007
31010
31025
31034
31046
31049
31056
31065
31071
31077
31083
31084
31093
31098
31098
31135
31140
31154
31175
31176
31213
31239
31243
31248
31252
31261
31286
31288
31289
31302
31311
31314
31337
31338
31341
31351
31365
31365
31369
31371
31378
31385
31395
31397
31399
31409
31413
31420
31434
31434
31453
31459
31459
31497
31498
31500
31510
31531
31540
31548
31550
31554
31563
31566
31585
31590
31621
31622
31628
31634
31645
31651
31657
31659
31661
31665
31681
31682
31685
31713
31717
31719
31737
31745
31747
31761
31771
31774
31791
31791
31792
31792
31801
31830
31836
31842
31851
31879
31882
31889
31908
31924
31924
31930
31934
31943
31946
31956
31960
31963
31975
31975
31986
31991
31992
32016
32023
32041
32042
32060
32062
32076
32077
32078
32104
32113
32128
32130
32133
32137
32157
32158
32159
32206
32227
32234
32236
32255
32260
32267
32305
32323
32338
32349
32362
32373
32391
32392
32404
32409
32425
32427
32433
32435
32435
32439
32446
32453
32457
32475
32476
32491
32510
32513
32532
32542
32555
32591
32606
32624
32631
32632
32634
32646
32648
32649
32657
32672
32680
32698
32705
32712
32721
32728
32730
32733
32750
32763
32783
32795
32802
32825
32831
32841
32843
32848
32855
32857
32870
32883
32912
32963
32970
32973
32975
32979
32998
33000
33010
33046
33067
33088
33089
33097
33097
33104
33106
33109
33124
33140
33141
33160
33189
33190
33201
33208
33213
33218
33224
33248
33258
33259
33261
33270
33271
33297
33299
33325
33350
33356
33360
33362
33375
33415
33418
33418
33422
33436
33489
33490
33502
33503
33505
33509
33539
33558
33568
33589
33591
33591
33601
33601
33621
33632
33639
33646
33661
33674
33687
33697
33703
33710
33739
33759
33764
33779
33781
33784
33794
33795
33797
33803
33822
33825
33832
33840
33848
33861
33877
33879
33880
33894
33900
33924
33926
33935
33957
33965
33965
33971
33981
33984
34019
34020
34027
34041
34054
34058
34078
34097
34117
34118
34139
34155
34163
34182
34185
34193
34200
34200
34213
34213
34214
34214
34224
34262
34264
34264
34277
34288
34294
34303
34313
34314
34316
34335
34357
34359
34365
34366
34401
34407
34413
34415
34415
34417
34417
34425
34426
34432
34436
34440
34442
34445
34450
34467
34474
34479
34485
34488
34512
34526
34530
34533
34536
34540
34568
34576
34607
34607
34618
34619
34629
34636
34647
34659
34661
34666
34674
34678
34701
34701
34710
34716
34717
34726
34726
34733
34748
34751
34753
34757
34776
34783
34787
34802
34805
34830
34844
34846
34862
34880
34918
34920
34927
34927
34930
34931
34932
34932
34951
34955
34961
34964
34972
34990
35004
35004
35005
35019
35023
35033
35034
35036
35038
35074
35077
35083
35086
35088
35089
35089
35094
35097
35104
35110
35127
35129
35130
35139
35139
35140
35141
35150
35196
35204
35212
35225
35229
35234
35236
35240
35264
35267
35269
35277
35286
35292
35302
35309
35310
35317
35327
35338
35353
35367
35370
35373
35381
35401
35406
35409
35411
35419
35421
35424
35428
35433
35442
35450
35453
35472
35472
35474
35475
35484
35490
35492
35503
35533
35543
35553
35557
35558
35568
35593
35595
35604
35604
35631
35635
35642
35668
35670
35671
35676
35694
35696
35696
35698
35704
35705
35706
35718
35721
35721
35722
35732
35753
35775
35779
35786
35789
35799
35802
35820
35826
35851
35855
35859
35861
35868
35878
35913
35930
35939
35942
35954
35957
35971
35978
35993
36020
36060
36061
36073
36082
36088
36097
36105
36109
36170
36213
36235
36238
36238
36252
36267
36287
36314
36319
36331
36360
36365
36398
36409
36446
36450
36451
36460
36476
36498
36501
36504
36511
36519
36545
36548
36548
36553
36554
36558
36564
36592
36601
36605
36610
36615
36636
36638
36662
36663
36663
36680
36686
36702
36702
36709
36729
36752
36759
36769
36784
36794
36796
36796
36803
36818
36818
36831
36835
36840
36851
36853
36854
36862
36863
36871
36871
36888
36893
36900
36914
36917
36921
36923
36927
36940
36951
36957
36964
36971
36999
36999
37002
37007
37012
37026
37043
37046
37059
37083
37102
37110
37113
37121
37125
37127
37127
37131
37133
37134
37135
37142
37145
37168
37175
37186
37207
37215
37229
37250
37272
37331
37334
37343
37359
37363
37372
37373
37383
37403
37412
37416
37419
37419
37428
37430
37471
37478
37481
37493
37507
37511
37520
37539
37540
37542
37542
37547
37551
37561
37571
37571
37587
37605
37607
37614
37649
37697
37697
37708
37711
37718
37719
37736
37749
37764
37770
37782
37784
37805
37810
37817
37820
37831
37834
37837
37838
37856
37859
37861
37861
37875
37893
37896
37904
37931
37937
37940
37942
37948
37956
37958
37969
37971
38001
38005
38007
38017
38031
38040
38052
38075
38076
38084
38087
38114
38121
38123
38137
38181
38198
38233
38261
38271
38275
38283
38283
38292
38294
38311
38315
38344
38344
38351
38356
38367
38386
38389
38398
38400
38421
38431
38450
38459
38486
38491
38495
38500
38531
38539
38560
38560
38561
38592
38602
38615
38654
38656
38661
38663
38688
38696
38727
38738
38739
38746
38754
38761
38764
38765
38775
38778
38783
38815
38820
38820
38834
38839
38841
38860
38869
38871
38901
38907
38912
38913
38915
38918
38922
38936
38938
38939
38945
38945
38969
38982
38992
38997
39000
39028
39035
39056
39060
39065
39070
39081
39082
39104
39160
39165
39169
39188
39208
39219
39226
39236
39239
39251
39254
39261
39271
39272
39282
39284
39345
39396
39402
39407
39409
39450
39460
39475
39488
39494
39520
39521
39553
39556
39561
39570
39578
39588
39593
39597
39605
39605
39620
39621
39633
39662
39664
39667
39669
39674
39674
39682
39687
39698
39704
39721
39729
39752
39755
39764
39770
39776
39781
39787
39820
39831
39835
39843
39844
39864
39896
39907
39949
39952
39957
39981
39986
39996
40006
40009
40017
40030
40034
40068
40073
40077
40093
40109
40127
40143
40159
40176
40183
40190
40204
40206
40222
40225
40243
40253
40264
40271
40279
40291
40291
40294
40304
40356
40403
40422
40440
40441
40448
40458
40461
40478
40502
40505
40515
40520
40524
40530
40533
40553
40556
40556
40566
40567
40584
40585
40588
40604
40614
40627
40637
40643
40648
40673
40681
40703
40705
40707
40709
40709
40709
40725
40739
40760
40774
40794
40797
40797
40800
40807
40823
40824
40825
40826
40834
40853
40867
40876
40881
40887
40895
40898
40899
40902
40933
40947
40951
40953
40960
40963
40986
41011
41019
41022
41027
41031
41033
41036
41059
41063
41081
41083
41091
41156
41181
41189
41199
41207
41211
41216
41224
41247
41248
41288
41291
41295
41299
41304
41329
41374
41386
41396
41404
41408
41415
41422
41425
41425
41432
41434
41446
41448
41454
41468
41470
41479
41498
41499
41503
41508
41508
41518
41525
41535
41537
41543
41557
41571
41577
41607
41619
41620
41621
41628
41640
41685
41687
41705
41740
41754
41777
41783
41784
41789
41802
41804
41805
41810
41817
41822
41829
41838
41850
41850
41855
41859
41908
41910
41926
41939
41954
41959
41960
41973
41985
42019
42045
42055
42057
42083
42103
42103
42108
42117
42133
42137
42160
42165
42168
42184
42206
42212
42226
42226
42234
42247
42256
42269
42276
42296
42312
42330
42344
42367
42376
42378
42393
42401
42434
42448
42457
42485
42486
42487
42489
42494
42497
42500
42502
42520
42524
42561
42563
42576
42577
42587
42616
42618
42623
42626
42642
42644
42648
42657
42689
42698
42723
42746
42752
42755
42756
42769
42774
42783
42788
42795
42815
42818
42826
42835
42840
42841
42846
42859
42861
42876
42878
42882
42884
42886
42902
42920
42930
42936
42972
42973
42978
42986
42994
43003
43015
43033
43046
43052
43055
43056
43060
43066
43066
43076
43118
43121
43126
43139
43147
43149
43156
43165
43166
43168
43183
43190
43192
43195
43212
43220
43227
43233
43238
43248
43255
43271
43280
43289
43301
43302
43326
43328
43340
43341
43344
43345
43362
43368
43384
43399
43404
43405
43423
43424
43433
43443
43448
43470
43483
43484
43517
43523
43531
43565
43575
43575
43606
43610
43614
43615
43619
43640
43644
43645
43659
43671
43673
43680
43683
43692
43699
43717
43736
43766
43778
43780
43780
43780
43790
43795
43798
43802
43808
43813
43816
43844
43851
43883
43897
43898
43900
43905
43911
43926
43929
43933
43944
43967
43977
43990
44039
44059
44060
44073
44092
44105
44119
44137
44164
44189
44204
44221
44233
44234
44235
44243
44243
44251
44258
44259
44263
44270
44279
44285
44291
44300
44301
44303
44338
44341
44341
44343
44343
44355
44356
44368
44397
44420
44444
44451
44462
44464
44467
44467
44474
44487
44487
44503
44512
44518
44540
44552
44563
44604
44614
44617
44626
44631
44637
44648
44654
44666
44669
44672
44691
44698
44702
44708
44719
44724
44743
44748
44754
44761
44780
44788
44798
44802
44818
44840
44855
44856
44871
44890
44894
44898
44914
44920
44925
44933
44960
44964
44970
44979
44983
44985
44988
44988
44990
44997
45015
45019
45036
45047
45063
45077
45131
45144
45201
45207
45229
45230
45233
45251
45255
45256
45262
45267
45267
45284
45285
45340
45343
45347
45347
45357
45369
45389
45392
45401
45417
45420
45432
45436
45452
45455
45456
45470
45470
45476
45486
45497
45504
45542
45542
45572
45586
45600
45624
45631
45635
45698
45709
45739
45743
45763
45763
45764
45769
45780
45788
45791
45807
45810
45845
45857
45868
45868
45872
45872
45873
45886
45899
45929
45933
45939
45946
45955
45956
45958
45960
45988
46003
46004
46025
46040
46041
46047
46052
46066
46068
46073
46082
46088
46094
46099
46100
46102
46104
46113
46122
46124
46143
46146
46146
46155
46163
46210
46222
46226
46232
46252
46259
46266
46282
46300
46303
46315
46329
46335
46353
46357
46365
46372
46380
46381
46384
46385
46386
46391
46401
46416
46418
46421
46433
46437
46441
46442
46458
46458
46471
46472
46477
46481
46496
46526
46538
46538
46551
46555
46555
46558
46577
46605
46628
46667
46674
46693
46706
46709
46736
46740
46740
46745
46755
46769
46775
46781
46795
46805
46832
46833
46853
46853
46863
46896
46908
46943
46948
46952
46955
46976
46977
46988
46995
47014
47051
47056
47066
47069
47079
47083
47090
47098
47105
47117
47129
47133
47159
47182
47201
47210
47221
47225
47240
47244
47246
47316
47358
47364
47368
47373
47377
47378
47385
47392
47394
47404
47424
47425
47434
47448
47455
47459
47462
47477
47483
47484
47492
47510
47520
47520
47525
47529
47535
47536
47555
47571
47571
47574
47576
47583
47593
47596
47603
47624
47642
47659
47664
47679
47680
47708
47717
47723
47740
47756
47767
47767
47772
47779
47780
47793
47801
47806
47808
47820
47829
47851
47853
47859
47864
47884
47887
47891
47913
47917
47924
47925
47925
47941
47952
47961
47980
47997
48013
48032
48037
48042
48043
48044
48044
48046
48059
48064
48072
48080
48084
48096
48102
48111
48112
48113
48115
48118
48125
48130
48137
48140
48160
48162
48165
48165
48169
48184
48204
48209
48220
48224
48240
48245
48245
48247
48265
48267
48267
48284
48285
48298
48302
48302
48328
48347
48365
48368
48389
48396
48410
48428
48454
48462
48463
48474
48476
48485
48491
48503
48506
48511
48513
48527
48530
48551
48566
48566
48570
48573
48602
48604
48629
48654
48661
48668
48691
48706
48709
48710
48720
48720
48726
48729
48752
48754
48763
48765
48795
48805
48806
48815
48844
48866
48876
48879
48887
48925
48952
48987
48991
49027
49111
49113
49116
49133
49161
49171
49189
49192
49196
49207
49214
49224
49238
49289
49297
49299
49302
49307
49352
49360
49375
49382
49382
49395
49398
49400
49403
49413
49417
49418
49425
49426
49428
49441
49448
49455
49474
49481
49490
49512
49514
49514
49518
49531
49535
49536
49545
49549
49555
49565
49586
49597
49607
49609
49613
49627
49656
49657
49671
49683
49685
49696
49702
49704
49716
49722
49740
49759
49761
49766
49769
49770
49773
49781
49797
49805
49808
49809
49810
49810
49819
49822
49827
49849
49855
49858
49865
49866
49867
49870
49871
49904
49910
49911
49914
49914
49914
49934
49972
49985
50000
