4
34
47
66
75
91
95
97
112
116
119
122
126
127
128
136
139
141
144
151
169
170
173
188
192
195
210
229
231
238
239
241
248
248
254
259
272
290
303
306
318
321
332
337
349
351
358
369
384
391
397
411
427
429
455
457
461
476
486
499
500
500
506
510
522
525
527
531
537
538
539
548
567
573
579
582
603
608
610
615
633
643
643
645
669
689
692
703
707
718
722
742
748
750
764
771
797
801
804
811
820
826
852
861
867
868
879
900
911
928
942
947
948
967
968
972
979
981
987
987
988
991
993
1050
1065
1073
1088
1091
1098
1103
1103
1105
1120
1149
1152
1168
1171
1172
1176
1185
1190
1208
1211
1212
1222
1249
1252
1254
1255
1288
1305
1311
1318
1340
1345
1354
1354
1354
1356
1364
1367
1371
1376
1378
1397
1398
1404
1411
1416
1423
1425
1426
1441
1447
1451
1457
1504
1509
1513
1518
1519
1526
1533
1543
1544
1561
1582
1596
1608
1608
1610
1611
1614
1615
1619
1626
1633
1640
1644
1651
1660
1664
1670
1691
1700
1700
1701
1714
1716
1733
1735
1738
1742
1746
1761
1765
1804
1830
1834
1835
1839
1852
1861
1871
1880
1883
1896
1900
1914
1923
1932
1933
1952
1953
1956
1981
1982
1995
2004
2008
2012
2013
2014
2020
2024
2039
2042
2051
2092
2092
2097
2113
2117
2121
2132
2135
2139
2155
2161
2167
2174
2188
2201
2204
2204
2212
2244
2290
2300
2303
2313
2329
2331
2333
2333
2355
2355
2359
2377
2395
2395
2417
2418
2420
2431
2431
2448
2453
2484
2492
2497
2505
2524
2540
2553
2561
2562
2573
2584
2597
2597
2606
2611
2619
2623
2631
2636
2636
2653
2653
2654
2656
2657
2662
2693
2709
2719
2734
2735
2747
2751
2754
2755
2765
2768
2770
2778
2788
2803
2806
2811
2820
2825
2852
2873
2874
2886
2887
2917
2918
2930
2938
2940
2947
2994
3003
3017
3046
3096
3100
3104
3108
3108
3125
3138
3142
3165
3176
3176
3177
3177
3180
3195
3233
3241
3255
3257
3263
3268
3269
3315
3320
3328
3330
3332
3336
3338
3347
3351
3361
3375
3389
3389
3402
3405
3447
3455
3474
3477
3481
3494
3521
3524
3544
3547
3549
3552
3581
3582
3584
3597
3598
3607
3631
3643
3650
3651
3666
3673
3675
3678
3688
3689
3693
3707
3710
3723
3725
3727
3758
3759
3762
3762
3769
3788
3799
3803
3818
3832
3854
3857
3896
3899
3902
3907
3912
3915
3918
3939
3955
3961
3977
3982
3993
4002
4017
4027
4045
4048
4051
4088
4090
4109
4112
4113
4127
4157
4170
4172
4180
4189
4198
4211
4222
4227
4241
4242
4263
4264
4267
4282
4290
4301
4304
4309
4313
4314
4387
4393
4409
4425
4431
4434
4435
4456
4469
4471
4482
4486
4487
4491
4523
4524
4527
4530
4535
4545
4546
4546
4559
4566
4587
4590
4605
4616
4622
4653
4660
4690
4697
4703
4710
4720
4725
4747
4768
4772
4779
4780
4785
4785
4798
4799
4800
4806
4818
4826
4843
4858
4867
4874
4888
4888
4892
4914
4928
4935
4952
4956
4987
4997
5028
5043
5047
5059
5061
5070
5090
5097
5112
5116
5129
5130
5130
5143
5153
5156
5158
5166
5176
5177
5191
5192
5225
5239
5240
5250
5259
5263
5267
5289
5293
5296
5297
5323
5326
5332
5336
5338
5345
5371
5372
5384
5399
5420
5422
5427
5430
5456
5471
5482
5483
5503
5504
5511
5531
5544
5547
5553
5558
5559
5582
5587
5605
5616
5621
5636
5644
5651
5653
5655
5663
5688
5720
5732
5747
5758
5760
5772
5780
5787
5800
5803
5807
5814
5824
5825
5833
5835
5837
5851
5860
5865
5888
5932
5938
5938
5953
5958
5998
5998
6040
6048
6078
6086
6089
6090
6091
6091
6107
6115
6129
6153
6155
6169
6176
6179
6181
6188
6194
6197
6210
6212
6218
6232
6232
6234
6244
6259
6271
6273
6276
6280
6284
6295
6305
6318
6323
6326
6328
6329
6331
6342
6344
6350
6369
6373
6401
6408
6408
6412
6417
6419
6420
6433
6441
6444
6472
6473
6478
6497
6499
6506
6517
6519
6528
6536
6552
6575
6583
6611
6614
6617
6622
6633
6637
6645
6647
6649
6650
6671
6675
6680
6694
6702
6719
6728
6735
6741
6748
6750
6750
6763
6769
6778
6781
6786
6799
6806
6807
6810
6844
6850
6871
6895
6899
6900
6904
6907
6907
6917
6928
6929
6938
6950
6954
6956
6956
6960
6965
6970
6976
6982
7003
7027
7027
7030
7047
7050
7051
7052
7058
7058
7080
7083
7094
7115
7118
7146
7152
7171
7189
7191
7205
7207
7232
7236
7265
7267
7269
7281
7320
7322
7339
7342
7344
7345
7350
7361
7366
7386
7387
7396
7416
7439
7454
7463
7485
7490
7493
7503
7509
7526
7527
7529
7541
7547
7548
7554
7558
7559
7575
7587
7588
7598
7601
7612
7642
7660
7663
7668
7681
7683
7688
7688
7710
7741
7743
7745
7750
7755
7785
7795
7801
7810
7813
7817
7831
7835
7839
7841
7841
7846
7850
7853
7857
7870
7876
7877
7895
7906
7913
7926
7944
7944
7945
7945
7945
7955
8000
8003
8009
8024
8025
8040
8046
8052
8056
8069
8070
8078
8085
8106
8144
8144
8151
8169
8177
8178
8184
8187
8204
8215
8225
8227
8231
8234
8236
8246
8250
8251
8260
8266
8282
8286
8289
8307
8325
8332
8342
8350
8362
8367
8400
8424
8439
8439
8454
8459
8460
8486
8495
8498
8499
8502
8522
8527
8528
8545
8558
8564
8573
8583
8617
8658
8678
8679
8686
8686
8687
8694
8698
8713
8713
8721
8724
8743
8749
8755
8774
8787
8807
8834
8842
8857
8876
8876
8884
8889
8894
8897
8900
8915
8919
8941
8947
8965
8997
9009
9030
9031
9035
9047
9083
9094
9105
9119
9132
9132
9134
9145
9145
9164
9164
9169
9176
9190
9196
9199
9221
9230
9234
9258
9283
9286
9309
9320
9326
9328
9333
9333
9350
9354
9355
9377
9379
9380
9399
9401
9406
9407
9407
9411
9420
9432
9471
9476
9487
9488
9491
9492
9492
9496
9511
9519
9522
9564
9569
9576
9599
9601
9607
9633
9647
9648
9661
9672
9678
9692
9693
9701
9701
9705
9708
9715
9718
9734
9749
9761
9765
9774
9777
9788
9813
9813
9854
9859
9865
9868
9882
9885
9890
9890
9892
9892
9912
9967
9982
9992
9997
10002
10003
10006
10024
10050
10062
10079
10083
10099
10107
10115
10118
10118
10128
10159
10160
10177
10183
10186
10186
10191
10213
10224
10240
10242
10274
10308
10311
10312
10328
10331
10358
10363
10379
10389
10409
10411
10426
10435
10454
10459
10460
10468
10469
10477
10485
10487
10488
10497
10519
10525
10572
10573
10580
10580
10636
10637
10646
10646
10666
10670
10690
10705
10750
10771
10772
10801
10827
10832
10836
10851
10851
10869
10872
10879
10881
10888
10895
10920
10924
10935
10946
10961
10968
10973
10997
11008
11012
11015
11022
11025
11026
11030
11040
11053
11057
11057
11058
11060
11093
11119
11129
11131
11157
11162
11166
11168
11175
11180
11200
11201
11202
11207
11212
11214
11219
11229
11245
11245
11246
11260
11262
11262
11266
11269
11299
11300
11321
11332
11332
11401
11403
11412
11427
11434
11451
11470
11482
11488
11488
11491
11496
11496
11496
11506
11510
11517
11520
11527
11528
11538
11582
11583
11606
11617
11631
11633
11644
11650
11656
11661
11684
11700
11701
11709
11723
11768
11770
11782
11787
11808
11809
11813
11822
11825
11825
11827
11843
11851
11853
11862
11874
11875
11895
11908
11928
11938
11968
11982
11994
11995
12009
12031
12062
12081
12090
12105
12133
12135
12138
12139
12140
12147
12177
12182
12192
12193
12193
12196
12232
12238
12239
12240
12240
12254
12266
12269
12271
12285
12293
12316
12327
12327
12331
12336
12338
12354
12366
12371
12373
12379
12385
12399
12406
12440
12442
12449
12460
12462
12466
12479
12489
12502
12505
12511
12516
12517
12524
12526
12528
12534
12535
12541
12554
12567
12569
12599
12601
12604
12605
12615
12632
12645
12647
12695
12696
12730
12737
12755
12756
12760
12761
12770
12785
12788
12791
12804
12812
12814
12826
12839
12846
12866
12882
12887
12891
12922
12930
12943
12955
12962
12984
12986
12987
12993
13006
13014
13031
13040
13043
13049
13054
13058
13060
13062
13080
13082
13089
13096
13099
13103
13122
13125
13171
13171
13178
13195
13217
13246
13254
13263
13264
13268
13277
13289
13316
13332
13338
13342
13350
13350
13356
13379
13383
13414
13416
13418
13427
13438
13440
13459
13468
13495
13507
13525
13527
13539
13542
13544
13547
13554
13559
13567
13582
13588
13595
13606
13621
13621
13653
13662
13664
13704
13707
13707
13712
13717
13719
13743
13765
13769
13774
13780
13795
13812
13813
13815
13820
13824
13828
13839
13848
13850
13861
13873
13889
13891
13897
13922
13930
13931
13933
13945
13950
13962
13979
13983
13999
14006
14009
14012
14018
14024
14031
14041
14063
14063
14065
14065
14071
14080
14082
14089
14090
14095
14096
14099
14129
14130
14140
14153
14173
14181
14182
14183
14185
14197
14198
14201
14208
14210
14212
14213
14245
14255
14260
14262
14266
14269
14279
14284
14290
14297
14298
14302
14306
14331
14347
14349
14359
14363
14382
14392
14394
14395
14400
14407
14407
14415
14417
14419
14425
14425
14428
14463
14487
14488
14491
14498
14505
14509
14515
14517
14520
14527
14531
14566
14583
14584
14593
14599
14601
14608
14611
14618
14624
14626
14645
14651
14660
14667
14689
14696
14705
14706
14737
14745
14746
14796
14803
14814
14816
14819
14821
14826
14827
14831
14838
14841
14845
14846
14869
14870
14891
14895
14922
14940
14955
14966
14970
14987
14997
15002
15005
15006
15008
15011
15017
15019
15030
15038
15047
15053
15072
15077
15125
15169
15172
15176
15177
15183
15197
15213
15216
15238
15245
15252
15260
15277
15290
15296
15297
15307
15309
15313
15313
15327
15328
15336
15339
15349
15351
15373
15382
15392
15417
15421
15447
15454
15471
15475
15476
15476
15506
15521
15524
15529
15542
15550
15559
15569
15581
15582
15595
15600
15614
15620
15645
15646
15680
15696
15699
15712
15712
15715
15731
15739
15740
15746
15759
15763
15779
15791
15792
15805
15826
15832
15838
15870
15916
15922
15939
15945
15948
15966
15967
15969
15981
15984
15987
16028
16031
16047
16052
16062
16071
16091
16094
16096
16113
16180
16203
16210
16240
16248
16262
16270
16280
16286
16295
16297
16315
16317
16321
16331
16346
16358
16364
16373
16376
16389
16414
16450
16475
16489
16511
16512
16513
16516
16538
16540
16583
16588
16596
16602
16605
16609
16617
16620
16622
16624
16650
16652
16653
16657
16664
16669
16671
16690
16692
16693
16694
16738
16742
16749
16753
16757
16758
16763
16777
16779
16816
16822
16826
16827
16828
16847
16850
16858
16893
16910
16914
16930
16941
16967
16967
17006
17007
17011
17012
17013
17028
17030
17038
17040
17062
17075
17080
17083
17087
17089
17104
17114
17114
17118
17119
17127
17128
17134
17148
17148
17176
17185
17208
17222
17232
17238
17253
17258
17262
17265
17270
17270
17271
17272
17283
17293
17300
17328
17355
17368
17376
17382
17391
17400
17417
17428
17433
17467
17472
17474
17477
17498
17514
17523
17523
17528
17553
17576
17591
17595
17598
17627
17630
17636
17640
17659
17661
17672
17679
17680
17681
17683
17688
17695
17703
17725
17737
17745
17751
17758
17759
17768
17772
17775
17777
17783
17784
17793
17794
17822
17830
17830
17835
17853
17909
17950
17959
17967
17978
17979
17999
18039
18068
18090
18091
18092
18092
18115
18122
18123
18126
18140
18146
18149
18149
18154
18159
18207
18215
18229
18231
18244
18245
18255
18285
18287
18292
18297
18299
18301
18301
18302
18321
18332
18335
18341
18348
18352
18354
18355
18358
18367
18368
18375
18387
18408
18425
18434
18443
18443
18452
18458
18460
18463
18468
18469
18492
18495
18506
18515
18524
18529
18539
18544
18547
18547
18548
18567
18568
18587
18589
18592
18603
18609
18624
18661
18675
18684
18685
18695
18695
18696
18700
18707
18711
18731
18740
18746
18752
18758
18760
18764
18789
18804
18809
18812
18816
18816
18817
18827
18836
18862
18891
18899
18923
18926
18957
18958
18964
18970
18983
18983
18984
18987
18990
18995
19004
19012
19020
19021
19035
19054
19077
19091
19095
19097
19112
19120
19127
19189
19207
19217
19225
19241
19249
19270
19271
19288
19290
19296
19300
19306
19330
19330
19336
19340
19354
19362
19367
19381
19399
19402
19403
19411
19435
19438
19451
19466
19470
19472
19483
19486
19509
19511
19515
19517
19523
19526
19544
19545
19560
19563
19568
19572
19589
19590
19597
19617
19619
19645
19650
19650
19659
19670
19676
19693
19695
19699
19700
19703
19706
19709
19731
19754
19758
19761
19765
19766
19778
19781
19793
19799
19808
19810
19810
19824
19839
19854
19863
19882
19899
19908
19911
19915
19928
19928
19932
19935
19941
19952
19959
19960
19960
19961
19968
19969
19977
19985
19995
20004
20025
20027
20042
20052
20057
20066
20069
20090
20090
20097
20116
20134
20144
20148
20151
20154
20168
20181
20206
20208
20209
20223
20228
20228
20252
20280
20321
20324
20327
20340
20357
20370
20384
20390
20398
20416
20419
20429
20445
20448
20464
20475
20482
20491
20510
20512
20550
20585
20591
20602
20627
20633
20636
20677
20683
20684
20690
20693
20706
20706
20711
20717
20734
20748
20768
20784
20787
20831
20843
20865
20873
20903
20919
20954
20959
20964
20965
20972
20983
20987
20988
20991
21016
21026
21028
21056
21057
21065
21065
21088
21102
21103
21105
21129
21135
21150
21172
21178
21206
21206
21217
21240
21248
21266
21287
21290
21291
21291
21305
21309
21311
21319
21320
21326
21330
21355
21360
21384
21417
21434
21464
21484
21513
21516
21520
21538
21555
21584
21584
21591
21604
21613
21641
21648
21651
21667
21691
21702
21742
21750
21751
21754
21757
21759
21792
21795
21809
21830
21834
21835
21866
21881
21890
21892
21892
21904
21927
21928
21928
21953
21974
21975
21980
21995
21997
22008
22017
22030
22035
22043
22047
22058
22070
22071
22092
22106
22110
22114
22116
22126
22129
22132
22139
22142
22146
22153
22155
22159
22166
22176
22185
22201
22201
22224
22245
22268
22290
22318
22333
22342
22347
22351
22376
22388
22393
22403
22404
22436
22478
22479
22480
22496
22505
22513
22538
22567
22572
22585
22598
22602
22603
22607
22612
22613
22615
22658
22677
22682
22686
22693
22694
22699
22707
22719
22731
22734
22736
22746
22754
22754
22755
22755
22759
22778
22794
22796
22814
22814
22831
22832
22840
22850
22865
22883
22888
22921
22928
22935
22942
22964
22973
22988
22995
23005
23027
23031
23045
23045
23053
23054
23057
23064
23089
23098
23106
23108
23110
23111
23127
23130
23144
23185
23197
23210
23216
23228
23238
23248
23262
23280
23308
23317
23317
23328
23332
23332
23342
23399
23409
23411
23414
23421
23429
23430
23434
23441
23459
23465
23480
23494
23500
23516
23521
23523
23525
23575
23578
23599
23607
23609
23619
23629
23662
23666
23673
23694
23698
23715
23720
23754
23770
23774
23777
23778
23784
23788
23805
23805
23813
23814
23817
23823
23828
23836
23861
23882
23882
23886
23912
23940
23945
23947
23951
23964
23976
23978
23994
23996
24009
24015
24016
24018
24095
24099
24102
24145
24150
24167
24170
24172
24186
24210
24214
24222
24223
24225
24229
24253
24269
24271
24289
24302
24304
24313
24323
24337
24348
24373
24375
24408
24408
24418
24420
24442
24447
24450
24457
24458
24470
24478
24491
24503
24505
24521
24522
24529
24548
24548
24556
24584
24585
24594
24602
24621
24649
24650
24652
24655
24664
24687
24692
24700
24700
24704
24732
24747
24752
24772
24780
24785
24786
24803
24804
24805
24807
24815
24843
24846
24852
24886
24891
24921
24944
24960
24965
24972
24994
25060
25062
25069
25093
25098
25106
25115
25120
25129
25150
25175
25177
25182
25189
25189
25191
25192
25202
25203
25247
25256
25259
25278
25321
25332
25340
25348
25350
25358
25364
25382
25413
25416
25418
25421
25436
25446
25447
25451
25454
25456
25461
25466
25479
25484
25485
25492
25498
25556
25558
25562
25565
25568
25590
25599
25607
25617
25621
25623
25634
25635
25644
25645
25735
25746
25746
25760
25767
25778
25779
25782
25785
25787
25797
25811
25818
25829
25839
25843
25855
25866
25872
25873
25889
25901
25903
25923
25926
25943
25953
25963
25966
25969
25972
25983
25986
25992
25999
26047
26050
26058
26080
26085
26086
26087
26088
26106
26110
26136
26150
26192
26205
26216
26222
26228
26246
26267
26306
26324
26338
26356
26367
26379
26381
26410
26410
26419
26419
26422
26433
26435
26437
26442
26445
26462
26467
26477
26513
26515
26520
26528
26530
26535
26539
26543
26576
26586
26587
26602
26614
26617
26618
26619
26621
26638
26638
26640
26654
26679
26692
26705
26716
26745
26756
26765
26779
26783
26792
26796
26804
26819
26820
26823
26829
26830
26834
26839
26868
26895
26905
26907
26923
26930
26943
26947
26988
27019
27037
27065
27080
27088
27094
27109
27127
27146
27146
27162
27169
27186
27222
27225
27226
27240
27256
27282
27283
27297
27310
27327
27338
27343
27350
27355
27361
27376
27378
27395
27427
27430
27434
27438
27461
27480
27494
27512
27544
27546
27551
27598
27600
27604
27608
27626
27628
27629
27633
27643
27646
27661
27668
27687
27693
27700
27703
27709
27711
27779
27805
27806
27817
27829
27846
27865
27867
27870
27875
27902
27907
27908
27910
27912
27915
27922
27924
27926
27949
27959
27963
27983
28009
28016
28017
28026
28032
28033
28037
28054
28089
28099
28105
28140
28140
28143
28156
28168
28169
28190
28208
28243
28244
28264
28272
28281
28284
28286
28290
28310
28318
28325
28332
28336
28342
28361
28372
28374
28374
28383
28404
28429
28432
28433
28452
28455
28462
28463
28468
28469
28478
28495
28496
28505
28520
28530
28542
28545
28554
28580
28590
28593
28594
28600
28621
28627
28646
28668
28675
28676
28695
28702
28705
28705
28713
28720
28725
28743
28748
28756
28769
28770
28779
28781
28793
28808
28811
28818
28818
28825
28827
28836
28850
28853
28855
28875
28885
28888
28894
28895
28937
28942
28946
28974
28989
28993
29002
29003
29010
29018
29028
29035
29066
29078
29088
29098
29108
29139
29140
29195
29203
29214
29220
29238
29242
29243
29243
29255
29257
29281
29296
29303
29336
29338
29363
29365
29384
29394
29396
29404
29410
29413
29414
29418
29423
29434
29444
29444
29447
29481
29493
29494
29507
29510
29518
29546
29556
29574
29577
29587
29588
29606
29616
29627
29629
29644
29650
29668
29674
29678
29679
29685
29699
29699
29713
29716
29725
29729
29749
29750
29797
29800
29809
29830
29851
29858
29859
29865
29873
29877
29885
29886
29898
29909
29912
29919
29919
29921
29926
29937
29939
29941
29949
29952
29957
29957
29963
29968
29970
29978
29992
29993
29999
30013
30015
30016
30057
30058
30060
30067
30071
30079
30083
30095
30121
30140
30143
30145
30149
30150
30151
30154
30163
30168
30171
30181
30198
30198
30198
30204
30220
30256
30256
30258
30261
30265
30275
30290
30297
30297
30333
30337
30346
30349
30352
30364
30370
30375
30398
30414
30420
30427
30428
30444
30448
30455
30469
30488
30510
30510
30510
30511
30534
30544
30551
30559
30564
30567
30583
30584
30603
30623
30628
30633
30650
30654
30669
30678
30682
30682
30685
30697
30698
30699
30720
30723
30766
30775
30784
30784
30786
30802
30803
30806
30809
30815
30816
30821
30831
30839
30845
30849
30860
30862
30879
30879
30881
30899
30905
30906
30931
30931
30933
30938
30943
30944
30958
30967
30972
30978
30981
31010
31011
31022
31033
31034
31046
31073
31083
31084
31093
31097
31122
31123
31135
31135
31140
31153
31154
31158
31175
31176
31181
31198
31211
31213
31217
31227
31239
31243
31252
31257
31261
31282
31283
31285
31286
31302
31302
31306
31314
31315
31332
31336
31337
31341
31351
31364
31365
31365
31385
31390
31392
31397
31397
31409
31414
31434
31459
31474
31489
31498
31500
31510
31514
31547
31548
31563
31567
31585
31585
31610
31628
31645
31651
31651
31657
31661
31665
31672
31678
31681
31697
31704
31713
31717
31719
31743
31745
31747
31774
31787
31791
31792
31792
31801
31806
31830
31842
31851
31851
31853
31874
31880
31882
31889
31908
31913
31918
31919
31924
31930
31943
31946
31956
31960
31963
31964
31975
31986
32016
32038
32042
32062
32076
32078
32104
32113
32119
32119
32120
32133
32137
32157
32158
32159
32167
32191
32227
32227
32231
32236
32236
32245
32254
32257
32260
32267
32301
32305
32310
32319
32326
32346
32363
32373
32391
32404
32409
32413
32425
32427
32438
32446
32453
32476
32491
32491
32510
32532
32577
32591
32606
32634
32638
32638
32650
32664
32666
32673
32680
32697
32726
32728
32730
32745
32747
32749
32750
32764
32795
32813
32824
32838
32841
32855
32870
32874
32880
32895
32903
32912
32912
32939
32940
32953
32954
32960
32968
32975
32998
33004
33010
33062
33067
33072
33089
33091
33097
33106
33107
33109
33112
33124
33125
33129
33160
33160
33170
33178
33187
33189
33201
33214
33240
33248
33254
33258
33259
33261
33270
33271
33290
33297
33304
33312
33321
33335
33338
33340
33350
33356
33356
33362
33368
33382
33400
33406
33415
33418
33422
33477
33486
33490
33492
33503
33505
33507
33517
33540
33564
33568
33572
33591
33601
33601
33619
33632
33639
33661
33662
33672
33703
33719
33739
33759
33776
33779
33779
33781
33784
33794
33797
33803
33812
33828
33835
33840
33848
33866
33871
33877
33879
33879
33898
33900
33904
33913
33926
33936
33943
33957
33965
33965
33971
33984
34027
34052
34054
34058
34078
34097
34103
34117
34117
34117
34118
34121
34139
34142
34155
34163
34171
34187
34191
34193
34200
34200
34213
34214
34264
34268
34272
34280
34288
34294
34295
34300
34303
34303
34313
34314
34316
34316
34316
34339
34341
34353
34357
34359
34365
34366
34372
34378
34381
34388
34400
34401
34402
34404
34406
34407
34413
34415
34417
34417
34425
34440
34448
34450
34459
34474
34488
34491
34508
34512
34533
34540
34540
34553
34555
34568
34569
34576
34591
34602
34607
34607
34618
34625
34629
34630
34636
34647
34659
34661
34664
34666
34674
34701
34716
34717
34726
34733
34741
34751
34757
34769
34776
34783
34787
34802
34805
34819
34820
34847
34862
34875
34880
34927
34930
34932
34962
34964
34971
34990
34996
35004
35004
35023
35034
35036
35042
35064
35072
35077
35086
35089
35091
35094
35100
35104
35126
35127
35129
35132
35140
35149
35176
35186
35196
35206
35210
35212
35215
35240
35257
35258
35268
35277
35286
35292
35293
35302
35309
35310
35312
35320
35322
35325
35336
35353
35383
35399
35401
35406
35413
35419
35424
35442
35442
35450
35453
35472
35472
35474
35475
35490
35499
35503
35543
35553
35557
35558
35564
35568
35587
35593
35615
35631
35635
35639
35639
35665
35665
35671
35694
35695
35696
35705
35709
35710
35721
35721
35732
35732
35732
35753
35759
35762
35775
35786
35806
35820
35830
35851
35855
35855
35859
35861
35877
35877
35878
35895
35909
35913
35927
35930
35939
35954
35957
35960
35962
35971
35993
36009
36040
36061
36082
36087
36098
36105
36105
36106
36109
36110
36112
36148
36152
36170
36178
36202
36213
36252
36252
36267
36304
36316
36322
36331
36360
36370
36409
36410
36444
36446
36451
36460
36463
36476
36504
36529
36542
36548
36554
36558
36580
36601
36610
36615
36633
36638
36663
36678
36692
36701
36702
36709
36730
36752
36766
36769
36775
36779
36779
36787
36796
36796
36803
36818
36828
36830
36835
36840
36841
36844
36851
36853
36854
36862
36863
36871
36888
36890
36893
36897
36902
36903
36914
36917
36921
36923
36925
36938
36940
36949
36964
36992
36993
36999
36999
36999
37012
37026
37032
37049
37058
37063
37094
37125
37126
37127
37127
37131
37133
37135
37135
37159
37161
37168
37175
37179
37184
37186
37200
37207
37211
37221
37225
37229
37230
37233
37285
37326
37328
37331
37339
37359
37363
37369
37372
37403
37419
37419
37424
37428
37432
37438
37478
37481
37493
37507
37511
37520
37523
37535
37542
37542
37547
37551
37555
37560
37571
37605
37609
37614
37649
37671
37697
37708
37708
37714
37718
37736
37744
37764
37792
37810
37811
37818
37821
37834
37840
37861
37893
37909
37913
37915
37931
37939
37940
37948
37956
37964
37969
37971
37979
38001
38005
38007
38017
38029
38044
38114
38121
38121
38122
38137
38181
38197
38207
38209
38221
38223
38233
38235
38240
38261
38269
38270
38283
38283
38311
38336
38344
38356
38359
38368
38369
38372
38373
38375
38379
38404
38405
38421
38431
38450
38459
38459
38484
38495
38530
38531
38539
38539
38560
38560
38615
38654
38656
38660
38661
38663
38677
38688
38700
38727
38739
38746
38751
38761
38764
38783
38803
38815
38826
38834
38839
38842
38846
38864
38869
38896
38901
38907
38912
38913
38918
38926
38938
38939
38957
38957
38969
38970
38982
38989
38997
39000
39003
39028
39035
39056
39060
39064
39070
39085
39085
39136
39137
39144
39155
39169
39186
39188
39193
39208
39211
39214
39219
39225
39236
39236
39238
39251
39254
39261
39271
39272
39284
39292
39298
39302
39309
39314
39353
39366
39375
39396
39401
39402
39406
39409
39426
39429
39448
39475
39488
39494
39496
39518
39541
39544
39553
39556
39575
39577
39578
39589
39593
39594
39597
39604
39605
39642
39644
39662
39664
39667
39674
39676
39679
39687
39690
39698
39704
39711
39721
39721
39734
39745
39752
39764
39770
39781
39784
39804
39829
39835
39843
39850
39850
39853
39907
39909
39927
39947
39949
39959
39973
39981
40004
40006
40009
40028
40034
40068
40068
40069
40077
40077
40079
40082
40083
40083
40109
40111
40156
40164
40173
40175
40176
40190
40204
40206
40222
40231
40236
40253
40257
40264
40268
40278
40291
40291
40295
40316
40335
40343
40356
40406
40422
40425
40438
40440
40441
40456
40458
40461
40487
40503
40517
40520
40528
40530
40532
40542
40543
40544
40556
40556
40567
40568
40584
40614
40627
40636
40640
40643
40701
40702
40709
40709
40725
40730
40738
40741
40759
40760
40763
40766
40774
40781
40792
40797
40806
40816
40824
40825
40826
40826
40836
40840
40852
40853
40864
40873
40887
40895
40902
40933
40945
40947
40953
40953
40966
40980
40986
41019
41033
41036
41042
41051
41059
41063
41065
41073
41081
41091
41117
41156
41181
41207
41211
41216
41218
41223
41238
41240
41247
41248
41248
41263
41291
41295
41299
41304
41306
41307
41367
41396
41402
41404
41408
41422
41425
41425
41430
41432
41435
41440
41446
41448
41454
41468
41475
41488
41490
41503
41508
41511
41522
41525
41530
41550
41571
41577
41620
41620
41621
41659
41662
41662
41678
41685
41687
41693
41694
41715
41724
41735
41748
41754
41777
41779
41802
41805
41817
41822
41837
41849
41887
41894
41910
41917
41927
41947
41954
41969
41984
42000
42005
42016
42042
42045
42045
42055
42057
42057
42083
42103
42117
42125
42165
42168
42184
42188
42206
42212
42226
42226
42228
42234
42247
42249
42256
42274
42275
42276
42287
42292
42296
42312
42330
42334
42344
42367
42371
42375
42378
42379
42383
42386
42400
42412
42457
42485
42494
42500
42502
42522
42523
42524
42534
42552
42558
42561
42566
42574
42576
42581
42585
42587
42606
42616
42618
42642
42650
42656
42657
42698
42752
42755
42783
42835
42837
42839
42840
42846
42876
42878
42886
42920
42967
42978
42983
42986
42994
42994
43003
43015
43052
43055
43056
43060
43060
43060
43065
43066
43072
43076
43086
43094
43098
43101
43118
43121
43126
43129
43130
43134
43139
43140
43141
43147
43149
43156
43165
43166
43183
43186
43192
43195
43197
43202
43211
43226
43232
43233
43238
43248
43251
43257
43280
43292
43301
43326
43328
43333
43341
43344
43354
43362
43368
43384
43390
43401
43405
43433
43436
43443
43448
43484
43490
43511
43517
43531
43545
43565
43567
43575
43588
43610
43618
43619
43627
43630
43639
43640
43652
43656
43659
43673
43683
43684
43699
43704
43733
43763
43771
43780
43780
43790
43802
43813
43816
43844
43851
43859
43900
43900
43901
43907
43926
43933
43951
43973
43975
43977
43988
43998
44025
44058
44059
44060
44086
44092
44105
44112
44119
44124
44137
44176
44226
44233
44234
44236
44243
44243
44252
44259
44267
44272
44279
44290
44301
44333
44338
44341
44343
44343
44444
44451
44453
44464
44467
44473
44474
44481
44483
44487
44496
44502
44503
44512
44514
44524
44531
44540
44552
44553
44563
44564
44614
44626
44637
44640
44640
44654
44665
44666
44669
44698
44708
44712
44716
44717
44723
44724
44751
44754
44761
44773
44780
44785
44788
44798
44800
44840
44856
44893
44894
44896
44898
44912
44914
44920
44925
44933
44935
44943
44950
44950
44963
44964
44970
44979
44983
44985
44988
44988
44997
45015
45019
45036
45040
45063
45095
45131
45132
45144
45146
45199
45207
45210
45219
45230
45233
45256
45260
45262
45284
45285
45290
45318
45343
45347
45352
45357
45359
45363
45367
45369
45385
45392
45399
45400
45401
45432
45436
45452
45465
45470
45476
45476
45486
45488
45496
45542
45542
45552
45572
45573
45588
45615
45615
45616
45631
45635
45663
45709
45743
45758
45764
45765
45767
45769
45780
45808
45810
45850
45857
45868
45868
45868
45872
45886
45929
45932
45933
45936
45939
45956
45988
46004
46025
46033
46040
46066
46073
46079
46088
46100
46102
46104
46108
46113
46124
46133
46146
46163
46167
46169
46209
46210
46224
46226
46232
46268
46282
46315
46335
46343
46350
46353
46353
46380
46382
46385
46386
46391
46401
46407
46416
46418
46421
46433
46453
46456
46458
46471
46481
46495
46496
46496
46518
46524
46527
46528
46529
46535
46538
46538
46549
46550
46555
46558
46558
46559
46563
46582
46605
46637
46667
46674
46693
46694
46697
46712
46736
46740
46745
46763
46766
46781
46792
46805
46832
46833
46833
46847
46853
46863
46896
46901
46925
46934
46958
46970
46976
46977
46980
46995
47005
47014
47051
47071
47072
47079
47085
47086
47090
47098
47105
47114
47116
47117
47129
47133
47147
47159
47182
47188
47199
47201
47210
47223
47231
47238
47244
47266
47292
47310
47314
47316
47324
47335
47346
47360
47365
47368
47377
47385
47386
47391
47392
47394
47394
47404
47406
47424
47425
47434
47455
47477
47477
47486
47487
47492
47493
47502
47506
47510
47520
47520
47529
47535
47535
47536
47536
47555
47571
47572
47576
47583
47593
47596
47626
47628
47641
47654
47663
47675
47680
47708
47740
47746
47753
47756
47760
47760
47767
47773
47780
47793
47801
47806
47819
47859
47860
47864
47864
47878
47879
47884
47891
47894
47911
47912
47924
47925
47961
47977
47980
47986
47988
47992
47994
47997
48008
48018
48032
48035
48042
48043
48044
48046
48058
48059
48066
48096
48102
48111
48113
48115
48118
48124
48125
48140
48142
48160
48163
48165
48165
48204
48211
48220
48224
48227
48240
48243
48245
48245
48247
48250
48256
48258
48265
48268
48268
48276
48282
48284
48297
48302
48307
48313
48321
48325
48347
48365
48387
48396
48405
48443
48462
48476
48485
48487
48491
48503
48505
48523
48527
48543
48551
48566
48566
48573
48584
48592
48595
48602
48642
48668
48689
48691
48699
48711
48720
48726
48729
48730
48747
48752
48754
48754
48759
48763
48792
48795
48796
48805
48806
48853
48858
48877
48879
48933
48935
48944
48948
48952
48969
49036
49044
49068
49097
49101
49116
49122
49141
49161
49171
49172
49186
49187
49205
49227
49236
49279
49280
49297
49301
49302
49315
49321
49352
49377
49382
49389
49392
49398
49418
49426
49444
49474
49478
49481
49512
49518
49526
49545
49550
49556
49562
49565
49577
49578
49597
49616
49634
49656
49665
49671
49673
49716
49724
49740
49746
49759
49766
49768
49777
49797
49805
49810
49819
49827
49838
49849
49855
49858
49865
49867
49868
49871
49904
49912
49914
49914
49934
49947
49953
49954
49985
49994
50001
50009
50019
50021
50022
50030
50040
50058
50065
50068
50076
50095
50122
50127
50134
50142
50151
50162
50165
50178
50192
50209
50241
50250
50261
50263
50281
50283
50294
50297
50298
50311
50323
50325
50326
50328
50342
50343
50344
50361
50363
50364
50369
50372
50381
50401
50408
50426
50473
50474
50500
50502
50504
50505
50510
50525
50535
50539
50541
50566
50582
50595
50614
50643
50655
50660
50665
50669
50676
50680
50684
50688
50696
50707
50712
50715
50716
50721
50725
50734
50736
50736
50742
50757
50767
50783
50788
50791
50793
50806
50826
50826
50831
50832
50856
50885
50888
50892
50893
50894
50906
50912
50941
50941
50951
50953
50956
50956
50962
50970
50976
50979
50982
50985
50991
51006
51017
51028
51046
51059
51071
51085
51095
51112
51142
51152
51157
51158
51171
51194
51202
51206
51212
51218
51231
51234
51242
51249
51259
51268
51269
51274
51289
51296
51303
51325
51339
51350
51357
51373
51404
51412
51425
51430
51430
51446
51456
51467
51490
51495
51497
51512
51517
51528
51547
51558
51563
51592
51599
51603
51621
51651
51652
51659
51662
51677
51700
51709
51709
51715
51719
51720
51726
51729
51738
51743
51760
51761
51773
51777
51784
51809
51809
51827
51829
51830
51843
51858
51860
51877
51900
51935
51939
51944
51947
51948
51980
51992
52048
52082
52085
52092
52103
52112
52120
52131
52135
52146
52150
52154
52169
52178
52187
52188
52200
52203
52215
52216
52217
52219
52229
52231
52237
52240
52245
52250
52252
52257
52260
52276
52288
52293
52328
52353
52364
52367
52375
52376
52379
52388
52399
52425
52450
52460
52463
52464
52480
52496
52501
52511
52547
52576
52605
52633
52641
52658
52658
52667
52669
52670
52673
52685
52714
52727
52727
52734
52734
52736
52749
52758
52763
52774
52803
52806
52816
52823
52831
52834
52866
52872
52886
52887
52889
52901
52907
52921
52925
52927
52934
52944
52945
52948
52952
52955
52966
52975
52980
52984
52989
53001
53016
53022
53027
53032
53040
53042
53050
53050
53061
53073
53098
53104
53108
53135
53136
53141
53157
53165
53169
53175
53176
53180
53205
53212
53214
53227
53235
53240
53244
53260
53272
53276
53301
53311
53314
53326
53333
53338
53360
53362
53370
53381
53388
53389
53393
53421
53425
53442
53471
53478
53482
53493
53496
53496
53500
53510
53514
53534
53536
53540
53540
53543
53552
53578
53591
53596
53597
53609
53622
53623
53638
53663
53665
53687
53689
53712
53743
53754
53764
53778
53800
53808
53812
53819
53819
53820
53837
53844
53857
53861
53866
53903
53912
53921
53938
53946
53947
53966
53976
54009
54010
54017
54017
54022
54024
54030
54030
54030
54040
54045
54059
54066
54081
54086
54087
54106
54140
54141
54154
54163
54172
54191
54216
54233
54239
54251
54257
54302
54304
54306
54312
54314
54316
54317
54330
54334
54336
54342
54342
54349
54425
54431
54432
54441
54451
54453
54454
54455
54469
54479
54500
54500
54505
54513
54523
54527
54532
54540
54604
54615
54631
54650
54653
54658
54666
54666
54686
54688
54698
54702
54734
54748
54772
54772
54772
54784
54788
54791
54793
54802
54804
54813
54814
54823
54838
54854
54862
54938
54945
54955
54960
54977
54978
54982
54987
54994
54996
55014
55030
55035
55038
55039
55041
55046
55047
55050
55058
55075
55083
55088
55093
55103
55108
55137
55164
55168
55177
55179
55183
55188
55192
55195
55202
55207
55212
55215
55234
55266
55268
55274
55282
55291
55306
55368
55382
55396
55399
55403
55410
55434
55440
55445
55454
55454
55469
55483
55529
55539
55579
55588
55601
55606
55622
55624
55625
55651
55662
55664
55666
55668
55689
55718
55720
55723
55724
55755
55756
55774
55784
55795
55798
55799
55803
55809
55809
55813
55822
55822
55840
55850
55877
55879
55881
55881
55916
55940
55953
55959
55965
55976
55994
56014
56034
56044
56072
56076
56079
56112
56123
56141
56145
56148
56151
56183
56183
56187
56198
56199
56220
56239
56246
56278
56289
56298
56302
56305
56310
56320
56334
56391
56394
56401
56411
56418
56431
56452
56455
56459
56471
56505
56516
56517
56526
56530
56542
56543
56555
56564
56606
56611
56613
56649
56660
56664
56686
56698
56703
56709
56712
56748
56759
56778
56780
56801
56822
56834
56837
56854
56854
56861
56862
56876
56880
56897
56899
56900
56907
56917
56921
56942
56958
56969
56982
56989
56992
56994
57002
57002
57008
57013
57035
57040
57084
57103
57103
57104
57127
57158
57166
57184
57204
57231
57251
57273
57316
57338
57355
57356
57370
57375
57380
57381
57382
57383
57433
57449
57462
57484
57486
57489
57506
57514
57516
57516
57516
57520
57529
57530
57551
57559
57577
57582
57583
57587
57595
57608
57617
57618
57622
57643
57649
57658
57672
57695
57699
57703
57705
57711
57730
57739
57748
57753
57756
57760
57790
57796
57797
57806
57823
57840
57844
57850
57867
57869
57872
57878
57884
57886
57891
57893
57905
57933
57944
57948
57972
57977
57995
57999
58000
58006
58009
58023
58035
58038
58039
58041
58042
58054
58056
58061
58113
58120
58122
58127
58149
58160
58173
58189
58198
58206
58212
58236
58242
58245
58251
58257
58273
58280
58285
58299
58299
58308
58311
58313
58330
58340
58361
58366
58368
58368
58398
58411
58424
58425
58447
58479
58483
58484
58493
58501
58521
58523
58566
58579
58600
58605
58637
58645
58648
58669
58679
58683
58689
58712
58718
58734
58751
58759
58759
58760
58760
58762
58777
58778
58782
58790
58799
58805
58818
58826
58838
58850
58853
58861
58865
58873
58884
58891
58896
58896
58905
58909
58922
58924
58931
58956
58981
58982
58984
59007
59009
59011
59041
59057
59070
59077
59080
59080
59082
59083
59086
59089
59097
59130
59131
59141
59144
59148
59170
59170
59170
59174
59175
59185
59197
59199
59202
59202
59205
59221
59229
59229
59230
59232
59233
59235
59253
59255
59259
59261
59266
59273
59283
59295
59313
59331
59381
59395
59403
59427
59432
59446
59452
59458
59462
59481
59487
59507
59508
59531
59550
59554
59564
59578
59584
59599
59604
59621
59639
59663
59671
59672
59673
59708
59720
59731
59761
59770
59788
59790
59835
59844
59888
59888
59888
59889
59904
59908
59909
59922
59927
59928
59939
59963
59982
59982
59991
59997
59997
59999
60009
60015
60046
60052
60054
60056
60057
60058
60080
60081
60083
60088
60090
60098
60103
60104
60109
60111
60124
60153
60171
60220
60226
60246
60261
60269
60283
60302
60327
60330
60331
60333
60347
60351
60368
60380
60395
60396
60411
60415
60425
60434
60434
60434
60438
60441
60463
60463
60490
60497
60520
60531
60545
60551
60551
60584
60592
60611
60614
60620
60629
60637
60637
60670
60670
60695
60701
60701
60719
60750
60753
60757
60765
60777
60792
60803
60807
60824
60827
60829
60831
60834
60845
60871
60902
60906
60920
60923
60925
60933
60948
60953
60953
60958
60961
60976
60986
60992
60994
61036
61039
61043
61046
61050
61061
61100
61105
61123
61132
61133
61138
61155
61167
61168
61174
61183
61190
61210
61212
61216
61221
61223
61253
61255
61267
61274
61282
61293
61300
61302
61308
61311
61325
61326
61327
61344
61355
61358
61362
61371
61376
61404
61406
61413
61416
61421
61438
61453
61461
61466
61467
61475
61487
61489
61493
61509
61540
61542
61548
61549
61553
61557
61567
61589
61592
61598
61623
61628
61632
61633
61636
61640
61643
61648
61651
61655
61680
61691
61695
61709
61711
61717
61723
61726
61749
61766
61772
61788
61789
61842
61854
61864
61879
61918
61923
61933
61947
61948
61950
61963
61964
61972
61975
62000
62004
62005
62006
62010
62013
62017
62036
62059
62075
62094
62101
62114
62115
62115
62120
62141
62146
62157
62159
62159
62182
62191
62193
62195
62195
62200
62211
62219
62222
62231
62242
62246
62268
62276
62284
62309
62316
62345
62358
62362
62376
62376
62397
62429
62430
62436
62439
62462
62470
62475
62481
62485
62488
62494
62499
62508
62561
62569
62609
62612
62621
62627
62628
62631
62647
62660
62692
62719
62726
62729
62738
62742
62743
62765
62773
62777
62777
62777
62782
62790
62802
62812
62820
62840
62843
62849
62854
62868
62901
62916
62929
62940
62942
62979
62991
62991
62996
62998
63011
63021
63034
63050
63060
63092
63098
63109
63117
63125
63129
63145
63148
63154
63159
63161
63169
63172
63172
63175
63175
63187
63188
63191
63194
63211
63227
63241
63247
63287
63288
63292
63307
63308
63313
63376
63385
63400
63409
63412
63434
63439
63441
63452
63457
63462
63463
63477
63479
63483
63508
63509
63534
63538
63544
63552
63565
63593
63594
63642
63644
63662
63664
63686
63707
63712
63713
63728
63740
63768
63769
63772
63781
63796
63803
63816
63816
63819
63835
63839
63863
63904
63934
63944
63944
63950
63952
63953
63957
63989
64009
64012
64023
64036
64068
64069
64072
64079
64088
64090
64092
64110
64116
64132
64133
64136
64155
64160
64161
64179
64179
64187
64190
64195
64196
64197
64238
64254
64267
64302
64305
64309
64312
64320
64321
64331
64340
64350
64392
64394
64406
64412
64412
64425
64440
64440
64442
64459
64470
64476
64488
64489
64502
64505
64505
64514
64521
64527
64532
64534
64534
64548
64552
64567
64574
64585
64605
64617
64627
64628
64630
64632
64650
64657
64682
64712
64768
64774
64788
64810
64814
64826
64830
64834
64838
64851
64852
64856
64881
64882
64890
64907
64913
64932
64942
64946
64953
64975
64982
64987
64995
65046
65046
65057
65061
65067
65074
65077
65078
65085
65130
65148
65151
65161
65164
65176
65187
65200
65209
65214
65217
65224
65235
65239
65254
65288
65296
65297
65301
65303
65313
65314
65337
65341
65356
65358
65364
65366
65371
65382
65383
65389
65392
65397
65409
65426
65429
65435
65442
65448
65459
65477
65479
65490
65509
65511
65524
65527
65531
65531
65532
65541
65542
65574
65578
65583
65589
65592
65619
65631
65654
65665
65669
65678
65680
65688
65689
65698
65722
65737
65744
65755
65760
65763
65773
65774
65775
65784
65791
65795
65796
65797
65816
65851
65858
65866
65869
65885
65886
65888
65897
65941
65942
65949
65959
65959
65961
65966
65972
65973
65974
65976
65978
66002
66029
66044
66056
66067
66070
66085
66099
66102
66104
66111
66113
66116
66118
66145
66165
66172
66177
66182
66193
66224
66232
66239
66253
66254
66271
66274
66289
66291
66293
66325
66335
66377
66386
66389
66397
66427
66442
66460
66479
66486
66498
66499
66503
66507
66508
66511
66527
66535
66553
66555
66556
66558
66565
66566
66572
66574
66576
66601
66601
66609
66612
66612
66633
66633
66646
66655
66688
66710
66711
66725
66732
66744
66748
66779
66786
66790
66791
66828
66853
66877
66880
66888
66897
66904
66920
66929
66933
66936
66949
66951
66964
67009
67019
67048
67052
67081
67094
67097
67104
67110
67118
67166
67172
67182
67188
67191
67204
67206
67214
67222
67237
67247
67250
67259
67286
67303
67305
67310
67311
67318
67336
67347
67373
67373
67395
67399
67404
67425
67428
67434
67437
67439
67446
67453
67454
67457
67457
67463
67465
67479
67493
67497
67516
67536
67537
67562
67590
67596
67598
67607
67613
67626
67628
67636
67643
67651
67659
67677
67697
67700
67735
67741
67743
67747
67775
67777
67787
67788
67795
67814
67821
67827
67831
67846
67863
67868
67881
67882
67885
67887
67917
67949
67973
67974
67979
67988
68003
68009
68022
68035
68042
68045
68046
68046
68061
68065
68067
68070
68074
68077
68084
68086
68088
68095
68098
68130
68134
68144
68146
68157
68170
68177
68180
68182
68190
68190
68198
68198
68199
68243
68252
68253
68261
68280
68284
68286
68287
68309
68319
68327
68333
68338
68339
68341
68347
68360
68364
68364
68398
68404
68409
68409
68410
68424
68429
68433
68436
68437
68454
68459
68462
68469
68485
68504
68521
68536
68540
68541
68542
68545
68553
68558
68569
68570
68579
68586
68587
68632
68647
68668
68675
68679
68689
68689
68691
68715
68717
68741
68753
68758
68774
68792
68792
68796
68799
68814
68825
68830
68832
68832
68837
68851
68856
68872
68879
68888
68903
68930
68934
68986
69001
69024
69040
69068
69083
69123
69124
69136
69137
69157
69180
69190
69207
69220
69223
69242
69246
69263
69272
69273
69276
69283
69284
69300
69323
69354
69356
69382
69384
69399
69402
69435
69454
69457
69473
69483
69487
69496
69501
69511
69515
69525
69529
69531
69532
69566
69577
69585
69593
69615
69623
69640
69656
69666
69672
69672
69680
69682
69687
69719
69719
69720
69759
69759
69773
69775
69818
69823
69829
69836
69845
69855
69857
69857
69861
69863
69873
69880
69881
69907
69908
69913
69916
69917
69920
69921
69953
69976
69986
69988
70009
70015
70017
70022
70023
70028
70033
70037
70039
70060
70060
70062
70063
70067
70078
70108
70117
70163
70177
70202
70205
70205
70230
70246
70260
70261
70266
70272
70282
70292
70296
70310
70322
70337
70344
70364
70370
70386
70411
70413
70418
70420
70422
70423
70449
70453
70463
70467
70470
70479
70512
70523
70526
70528
70547
70548
70566
70582
70584
70596
70608
70609
70627
70646
70653
70654
70665
70729
70729
70734
70753
70754
70759
70761
70762
70783
70797
70811
70830
70839
70850
70858
70860
70860
70891
70895
70900
70916
70916
70920
70924
70934
70939
70972
71007
71008
71018
71021
71029
71031
71044
71051
71052
71058
71066
71079
71086
71111
71140
71146
71155
71158
71158
71164
71181
71181
71195
71206
71229
71236
71250
71262
71264
71276
71305
71318
71320
71339
71383
71402
71406
71412
71422
71425
71427
71431
71439
71465
71465
71477
71495
71497
71499
71500
71518
71580
71588
71605
71620
71623
71634
71653
71665
71680
71714
71719
71724
71725
71733
71733
71739
71744
71762
71778
71785
71799
71808
71828
71835
71845
71850
71851
71869
71875
71888
71912
71918
71926
71930
71939
71964
71979
71986
71988
71999
72007
72013
72018
72020
72041
72048
72089
72092
72100
72150
72160
72216
72220
72242
72265
72267
72279
72280
72288
72297
72305
72309
72313
72316
72323
72330
72334
72339
72344
72346
72351
72354
72356
72357
72357
72361
72363
72377
72387
72396
72413
72424
72450
72456
72459
72461
72464
72470
72476
72494
72498
72513
72514
72517
72524
72538
72568
72573
72576
72576
72592
72604
72612
72629
72666
72667
72672
72674
72680
72686
72687
72703
72713
72715
72723
72724
72726
72730
72731
72759
72760
72774
72787
72793
72807
72820
72821
72837
72843
72855
72857
72867
72885
72887
72888
72889
72892
72893
72903
72911
72921
72938
72944
72948
72948
72949
72975
72981
72984
72985
72996
73007
73013
73014
73090
73118
73132
73201
73208
73211
73216
73220
73241
73254
73257
73282
73288
73301
73315
73326
73329
73332
73333
73335
73341
73344
73362
73369
73396
73396
73410
73428
73428
73431
73443
73446
73448
73455
73496
73540
73543
73567
73584
73625
73633
73644
73664
73667
73680
73686
73689
73714
73715
73716
73721
73735
73738
73746
73762
73763
73773
73781
73787
73797
73804
73812
73813
73818
73822
73836
73849
73851
73862
73863
73870
73877
73907
73910
73915
73918
73921
73921
73921
73929
73931
73934
73955
73992
74010
74028
74042
74051
74053
74063
74065
74065
74085
74087
74109
74113
74123
74128
74135
74156
74174
74176
74183
74207
74207
74220
74222
74236
74238
74246
74249
74252
74260
74264
74284
74292
74292
74332
74334
74346
74381
74405
74406
74443
74445
74466
74476
74483
74485
74505
74507
74511
74532
74537
74546
74550
74558
74558
74563
74572
74580
74588
74609
74624
74642
74643
74670
74672
74679
74700
74701
74747
74752
74776
74777
74788
74794
74799
74808
74815
74817
74826
74836
74844
74862
74887
74887
74892
74902
74929
74938
74939
74940
74949
74970
74972
74973
74982
74998
75014
75037
75042
75045
75054
75057
75064
75084
75090
75105
75105
75106
75114
75133
75140
75146
75149
75174
75184
75189
75192
75197
75201
75201
75217
75222
75245
75247
75266
75269
75277
75281
75282
75290
75326
75328
75330
75344
75345
75346
75358
75373
75397
75399
75400
75416
75432
75457
75469
75473
75474
75478
75483
75494
75494
75495
75521
75524
75532
75532
75537
75538
75542
75551
75564
75565
75580
75594
75596
75605
75609
75615
75621
75628
75663
75681
75699
75701
75708
75718
75748
75759
75788
75801
75822
75824
75836
75836
75865
75873
75875
75889
75897
75904
75916
75940
75943
75948
75950
75950
75962
75974
75990
75990
75997
76008
76023
76038
76040
76046
76053
76061
76063
76063
76072
76077
76083
76084
76087
76097
76117
76126
76128
76132
76140
76146
76152
76153
76154
76177
76185
76193
76207
76250
76272
76287
76294
76296
76313
76314
76324
76325
76329
76357
76374
76376
76388
76404
76409
76430
76439
76453
76465
76468
76491
76494
76512
76514
76518
76520
76529
76535
76554
76583
76596
76619
76624
76642
76663
76678
76683
76684
76703
76704
76709
76711
76718
76748
76755
76771
76773
76778
76778
76801
76806
76806
76809
76825
76827
76836
76839
76839
76855
76861
76861
76872
76909
76923
76924
76929
76942
76943
76952
76959
76962
76968
77017
77026
77026
77063
77091
77091
77105
77112
77175
77184
77212
77284
77309
77309
77321
77327
77329
77340
77355
77372
77374
77374
77390
77390
77390
77409
77416
77430
77431
77431
77447
77448
77459
77465
77485
77546
77570
77576
77581
77587
77592
77593
77606
77606
77611
77612
77651
77654
77655
77664
77675
77681
77688
77703
77703
77719
77726
77733
77744
77754
77766
77812
77825
77831
77861
77863
77869
77891
77900
77927
77938
77949
77968
77980
77986
77994
78019
78032
78037
78068
78074
78076
78077
78089
78090
78095
78105
78124
78138
78154
78162
78171
78172
78174
78203
78208
78216
78248
78261
78268
78280
78290
78296
78305
78331
78355
78364
78366
78381
78386
78387
78400
78415
78419
78421
78452
78457
78466
78475
78475
78477
78491
78494
78511
78525
78529
78533
78549
78559
78564
78564
78576
78584
78590
78592
78596
78597
78602
78602
78607
78643
78646
78662
78678
78693
78712
78719
78731
78741
78743
78744
78746
78753
78754
78778
78778
78788
78788
78796
78800
78811
78821
78828
78849
78859
78862
78868
78912
78925
78928
78945
78960
78960
78961
78973
78982
78992
78992
79005
79010
79012
79012
79023
79051
79053
79066
79072
79078
79082
79088
79090
79097
79108
79109
79121
79124
79131
79138
79142
79156
79170
79183
79197
79205
79206
79220
79240
79273
79279
79289
79295
79307
79309
79325
79326
79348
79359
79372
79376
79379
79403
79403
79416
79417
79430
79431
79440
79446
79454
79464
79480
79483
79494
79497
79510
79524
79529
79540
79541
79575
79577
79580
79595
79614
79636
79642
79649
79651
79659
79660
79661
79663
79668
79670
79681
79685
79694
79703
79705
79712
79721
79734
79748
79752
79771
79771
79777
79781
79787
79803
79803
79816
79824
79825
79854
79892
79926
79935
79939
79953
79968
79974
79990
79998
79999
80021
80044
80062
80067
80078
80088
80093
80094
80107
80107
80113
80118
80130
80141
80148
80151
80164
80176
80178
80181
80198
80209
80215
80246
80271
80280
80283
80292
80296
80304
80307
80313
80333
80333
80338
80352
80373
80385
80396
80396
80415
80422
80427
80450
80468
80471
80484
80485
80492
80498
80505
80511
80531
80534
80535
80535
80537
80555
80557
80563
80572
80576
80578
80585
80617
80617
80624
80632
80641
80641
80644
80663
80678
80680
80687
80692
80713
80714
80714
80715
80717
80728
80729
80745
80750
80757
80795
80809
80816
80822
80826
80828
80834
80839
80845
80847
80848
80850
80874
80881
80883
80902
80905
80929
80931
80934
80947
80960
80962
80966
80966
80977
81007
81007
81017
81025
81049
81056
81065
81071
81077
81077
81098
81098
81099
81176
81238
81243
81248
81262
81271
81287
81288
81289
81303
81309
81311
81312
81322
81324
81327
81327
81332
81338
81359
81367
81369
81371
81378
81379
81395
81399
81402
81407
81409
81413
81413
81420
81430
81434
81437
81453
81459
81460
81497
81498
81519
81531
81540
81542
81550
81554
81566
81569
81571
81572
81588
81590
81621
81622
81634
81634
81640
81656
81659
81679
81682
81685
81687
81696
81701
81728
81734
81737
81761
81771
81785
81791
81792
81804
81807
81828
81836
81848
81861
81879
81919
81924
81934
81944
81954
81975
81980
81991
81992
82003
82016
82023
82028
82041
82045
82060
82062
82077
82105
82113
82125
82128
82130
82138
82157
82163
82177
82181
82185
82206
82234
82255
82258
82262
82323
82338
82340
82349
82362
82364
82381
82389
82392
82433
82435
82435
82435
82437
82439
82457
82475
82486
82495
82511
82513
82536
82542
82551
82555
82566
82607
82608
82624
82628
82628
82631
82632
82646
82648
82649
82657
82660
82661
82672
82683
82696
82698
82705
82712
82721
82733
82745
82747
82756
82763
82783
82785
82802
82819
82823
82825
82831
82843
82845
82848
82857
82883
82904
82915
82917
82945
82963
82970
82973
82974
82979
82989
83000
83006
83026
83028
83046
83046
83077
83080
83088
83088
83096
83097
83104
83106
83107
83107
83140
83141
83149
83169
83176
83190
83208
83213
83218
83221
83221
83224
83257
83261
83281
83293
83299
83307
83325
83333
83344
83354
83360
83375
83378
83379
83408
83418
83418
83422
83431
83436
83468
83489
83502
83509
83513
83526
83532
83539
83542
83558
83585
83589
83591
83613
83619
83621
83646
83674
83687
83689
83697
83710
83725
83727
83739
83757
83764
83795
83803
83818
83822
83825
83832
83861
83872
83874
83876
83877
83880
83894
83910
83914
83924
83935
83945
83972
83973
83976
83981
83981
83997
84002
84019
84020
84041
84041
84125
84144
84182
84185
84213
84214
84224
84230
84235
84246
84262
84264
84270
84277
84288
84311
84335
84415
84423
84426
84432
84436
84442
84445
84447
84458
84467
84467
84479
84485
84488
84510
84526
84530
84536
84544
84550
84572
84618
84619
84620
84636
84641
84645
84678
84683
84701
84710
84713
84726
84731
84748
84751
84753
84757
84781
84813
84830
84844
84846
84878
84899
84905
84918
84920
84920
84922
84926
84927
84930
84931
84932
84951
84955
84955
84961
84961
84972
84976
84990
85002
85005
85019
85033
85038
85064
85073
85074
85083
85088
85089
85096
85097
85100
85110
85111
85130
85139
85139
85141
85150
85150
85175
85197
85203
85204
85225
85229
85234
85236
85253
85264
85267
85269
85317
85327
85338
85341
85367
85370
85373
85381
85409
85411
85421
85428
85433
85447
85466
85484
85492
85513
85532
85533
85548
85552
85591
85595
85604
85604
85616
85628
85628
85642
85668
85670
85676
85680
85696
85698
85702
85704
85706
85706
85711
85718
85722
85760
85779
85787
85789
85793
85799
85802
85815
85818
85822
85822
85826
85863
85868
85871
85878
85895
85896
85908
85928
85938
85942
85947
85971
85978
85985
86020
86023
86029
86031
86060
86065
86073
86088
86092
86097
86119
86135
86144
86167
86235
86238
86238
86255
86271
86281
86287
86312
86314
86319
86322
86331
86346
86354
86359
86365
86389
86398
86406
86450
86475
86476
86480
86481
86489
86498
86501
86503
86511
86519
86522
86545
86548
86553
86556
86564
86592
86605
86629
86636
86647
86662
86663
86680
86686
86696
86702
86711
86729
86745
86748
86759
86774
86784
86794
86818
86820
86831
86840
86841
86841
86871
86900
86927
86949
86951
86957
86971
86982
86982
86982
87002
87007
87018
87030
87043
87045
87046
87059
87059
87069
87080
87081
87083
87097
87098
87102
87110
87112
87113
87119
87121
87134
87142
87145
87169
87198
87202
87213
87215
87223
87250
87268
87271
87272
87276
87281
87286
87305
87334
87337
87343
87343
87359
87366
87368
87373
87382
87383
87389
87397
87408
87412
87416
87427
87430
87471
87471
87520
87533
87539
87540
87555
87561
87571
87587
87607
87613
87623
87635
87635
87639
87651
87655
87655
87670
87697
87711
87719
87749
87770
87782
87784
87784
87788
87793
87799
87805
87817
87820
87831
87837
87838
87843
87856
87859
87861
87861
87865
87867
87874
87875
87875
87896
87897
87904
87909
87909
87913
87937
87942
87942
87945
87952
87958
87965
87966
87972
88009
88031
88037
88040
88052
88075
88076
88084
88087
88106
88123
88136
88137
88157
88160
88193
88198
88201
88206
88225
88251
88271
88275
88292
88294
88300
88315
88321
88340
88344
88351
88352
88367
88386
88389
88398
88400
88419
88486
88491
88500
88506
88541
88550
88561
88592
88602
88602
88627
88637
88640
88644
88650
88696
88738
88743
88754
88765
88775
88778
88793
88809
88820
88820
88841
88855
88860
88869
88871
88907
88910
88915
88922
88936
88939
88945
88945
88992
89009
89041
89043
89053
89063
89065
89078
89081
89082
89083
89104
89110
89126
89131
89152
89160
89165
89174
89186
89208
89216
89226
89232
89233
89239
89248
89256
89282
89303
89327
89329
89339
89345
89366
89368
89381
89393
89405
89407
89450
89460
89499
89503
89520
89521
89533
89561
89570
89588
89596
89599
89605
89620
89620
89621
89633
89669
89674
89682
89682
89705
89711
89729
89733
89747
89755
89760
89776
89787
89820
89821
89823
89831
89841
89844
89864
89894
89896
89909
89931
89939
89945
89952
89952
89957
89957
89978
89979
89981
89986
89987
89996
90014
90017
90028
90030
90073
90079
90082
90093
90122
90127
90143
90159
90183
90192
90200
90211
90225
90243
90255
90271
90274
90279
90294
90304
90343
90343
90362
90375
90393
90399
90403
90448
90478
90496
90502
90505
90510
90515
90524
90533
90553
90559
90566
90566
90570
90585
90588
90593
90595
90604
90637
90648
90673
90681
90692
90702
90703
90705
90707
90709
90736
90739
90755
90794
90794
90797
90800
90801
90804
90807
90823
90824
90826
90834
90862
90867
90871
90876
90881
90898
90899
90901
90902
90904
90947
90951
90952
90953
90953
90960
90963
90968
90987
91011
91011
91022
91027
91031
91034
91049
91083
91118
91135
91138
91154
91161
91189
91199
91203
91204
91224
91237
91237
91241
91250
91253
91270
91288
91329
91356
91364
91374
91381
91386
91389
91415
91416
91434
91470
91479
91498
91499
91503
91508
91514
91518
91525
91529
91533
91535
91537
91543
91557
91607
91616
91619
91628
91640
91641
91648
91688
91696
91697
91698
91705
91706
91736
91737
91740
91750
91757
91765
91783
91784
91789
91804
91805
91808
91810
91829
91838
91850
91850
91855
91859
91869
91900
91908
91922
91926
91931
91939
91959
91960
91973
91976
91980
91985
92016
92019
92019
92044
92046
92069
92086
92097
92101
92103
92108
92112
92113
92133
92137
92149
92160
92168
92173
92177
92195
92197
92205
92234
92242
92269
92271
92328
92331
92338
92343
92367
92374
92376
92379
92393
92401
92413
92434
92434
92435
92438
92448
92453
92484
92486
92487
92489
92495
92495
92497
92520
92530
92563
92571
92577
92608
92615
92619
92623
92626
92627
92632
92644
92645
92648
92656
92661
92664
92664
92669
92677
92679
92681
92689
92700
92723
92737
92743
92746
92747
92756
92769
92772
92774
92774
92785
92788
92794
92795
92815
92818
92826
92841
92845
92859
92861
92861
92867
92876
92882
92884
92884
92896
92902
92902
92930
92936
92972
92973
93003
93033
93046
93051
93056
93057
93059
93063
93066
93066
93071
93103
93140
93154
93168
93173
93190
93212
93220
93227
93243
93249
93255
93258
93271
93289
93302
93317
93328
93340
93345
93399
93404
93423
93424
93470
93483
93494
93506
93521
93523
93526
93527
93531
93539
93543
93544
93544
93575
93575
93592
93594
93602
93605
93606
93614
93614
93615
93637
93644
93645
93670
93671
93680
93692
93717
93732
93733
93736
93742
93745
93748
93758
93766
93773
93775
93778
93780
93795
93798
93808
93808
93812
93819
93820
93830
93834
93845
93847
93850
93855
93868
93883
93897
93898
93905
93908
93911
93915
93919
93922
93929
93944
93956
93967
93977
93977
93990
93990
93992
94027
94039
94042
94058
94068
94073
94075
94095
94110
94136
94153
94164
94189
94204
94221
94228
94234
94235
94240
94250
94251
94258
94263
94270
94276
94285
94291
94300
94301
94302
94303
94318
94341
94355
94356
94360
94367
94368
94393
94397
94420
94462
94467
94470
94487
94515
94515
94518
94543
94560
94600
94604
94609
94617
94631
94648
94652
94672
94676
94679
94679
94691
94702
94715
94719
94721
94743
94748
94749
94756
94761
94767
94780
94783
94802
94803
94818
94827
94847
94855
94856
94856
94871
94890
94890
94910
94927
94933
94960
94964
94985
94985
94990
94994
95000
95011
95019
95032
95034
95036
95047
95064
95067
95077
95083
95104
95116
95124
95137
95174
95198
95201
95220
95220
95229
95249
95251
95255
95263
95264
95267
95267
95269
95277
95308
95308
95340
95347
95385
95388
95389
95417
95420
95425
95430
95455
95456
95470
95497
95504
95506
95534
95536
95586
95587
95600
95606
95623
95624
95625
95628
95645
95662
95698
95717
95739
95763
95763
95763
95772
95788
95791
95793
95794
95802
95807
95828
95831
95834
95845
95872
95873
95896
95899
95946
95955
95958
95960
95969
95982
95983
95994
95995
95997
96003
96006
96015
96022
96027
96040
96041
96047
96052
96068
96082
96094
96095
96099
96122
96135
96138
96143
96146
96155
96166
96174
96205
96222
96228
96232
96237
96252
96259
96266
96282
96300
96303
96329
96357
96358
96365
96366
96372
96381
96384
96397
96403
96417
96437
96441
96442
96458
96467
96472
96477
96481
96487
96513
96526
96547
96551
96555
96566
96577
96617
96621
96628
96649
96658
96659
96693
96694
96700
96706
96709
96720
96738
96740
96755
96755
96769
96775
96777
96778
96788
96795
96828
96843
96853
96908
96914
96935
96936
96943
96948
96952
96955
96977
96983
96988
97024
97029
97031
97056
97066
97069
97083
97108
97121
97124
97129
97130
97133
97133
97134
97166
97193
97221
97225
97240
97246
97283
97300
97325
97329
97358
97364
97370
97373
97378
97385
97394
97406
97413
97416
97448
97458
97459
97462
97483
97483
97484
97505
97525
97571
97574
97603
97624
97642
97642
97659
97664
97666
97676
97679
97712
97713
97717
97723
97723
97736
97767
97767
97772
97779
97794
97795
97798
97805
97808
97820
97829
97851
97853
97859
97860
97887
97888
97913
97917
97917
97925
97941
97947
97952
97962
97963
97980
98000
98013
98037
98044
98049
98064
98072
98074
98080
98083
98084
98112
98115
98130
98137
98162
98169
98172
98184
98188
98202
98209
98217
98227
98235
98243
98245
98260
98267
98267
98276
98276
98285
98288
98298
98302
98305
98306
98321
98328
98333
98361
98368
98376
98389
98410
98412
98419
98428
98434
98441
98451
98452
98454
98456
98458
98463
98468
98471
98474
98483
98506
98511
98513
98530
98545
98570
98578
98604
98621
98629
98633
98654
98657
98659
98661
98663
98697
98706
98709
98710
98719
98720
98724
98762
98765
98791
98794
98798
98815
98819
98825
98841
98844
98858
98861
98866
98876
98885
98887
98893
98895
98921
98925
98950
98954
98987
98991
99027
99065
99082
99111
99113
99124
99133
99171
99187
99189
99190
99192
99196
99199
99207
99214
99216
99224
99238
99243
99252
99264
99271
99289
99299
99307
99322
99325
99327
99341
99360
99375
99382
99395
99400
99403
99413
99417
99425
99428
99440
99441
99448
99455
99455
99462
99489
99490
99499
99510
99514
99514
99516
99518
99521
99526
99531
99534
99535
99536
99543
99549
99555
99556
99578
99586
99602
99607
99609
99613
99619
99624
99626
99627
99646
99657
99660
99670
99673
99681
99683
99685
99692
99696
99702
99704
99715
99722
99761
99769
99770
99773
99781
99808
99809
99810
99822
99825
99843
99850
99853
99866
99870
99877
99895
99910
99911
99912
99914
99926
99937
99964
99969
99972
99985
100000
