3096
1114
1395
2609
1500
1019
2997
1696
3896
1799
4512
389
2455
1071
3272
1946
3245
1029
295
311
2645
4866
2545
4621
392
3116
1846
1662
4874
3767
2559
1770
4580
2777
4272
1877
4563
4390
2315
4
2030
2770
1897
1621
2048
2736
4323
558
2764
29
726
555
1098
3228
103
3110
983
2205
654
655
4541
4476
1074
2565
598
3554
3785
4432
632
4109
333
4406
3967
3269
4096
2141
3539
2630
1727
825
3343
4361
3575
2247
3005
1423
1795
3186
596
4634
3355
3596
329
4124
1249
489
57
3674
3259
1867
2401
2146
4202
3552
664
206
773
3662
2937
2744
4420
3985
3878
1594
1122
2907
3787
1108
4165
1592
2316
2928
875
1466
3449
3725
4726
2518
877
651
612
1487
2507
824
4994
1178
2919
590
4978
4197
2084
1892
4129
4538
2075
92
696
2506
1300
1498
262
2242
4696
2656
3808
3726
802
2234
2961
1743
4050
49
4711
2189
973
3264
1525
2333
323
2120
4177
2341
4829
2567
4148
4569
4441
1321
243
1572
1024
2298
3511
1253
3504
3485
4945
2020
4768
1910
2673
2839
800
2669
249
3317
927
3919
1256
4057
2750
2215
4319
586
3352
2775
2016
885
1215
1641
1040
4812
241
2832
187
1179
1297
4968
750
2911
666
2623
3491
3533
3472
2555
3834
3062
4312
2803
2360
3304
581
3652
945
158
934
2917
2228
3774
4262
1103
3913
1143
4218
997
3646
343
1957
1791
3483
3318
4600
1536
1557
3255
2986
1091
905
2486
1003
663
8
81
3121
4409
4421
3009
2796
2310
3315
2597
4333
3082
4381
4684
3058
1260
782
2429
3223
2277
1512
2463
336
282
4682
2400
984
3265
1581
1231
4364
4018
2379
784
507
1385
4305
4021
4697
3598
956
833
1765
2973
1524
4289
3789
3964
1408
3864
3037
4071
1539
4548
611
2982
1643
3560
2660
4122
4368
3926
2083
293
4407
642
2168
361
363
2834
4653
624
1314
4944
591
2658
2821
2723
4771
614
1855
3602
1337
2170
104
4839
1839
2896
4127
2881
111
3549
4005
3298
902
1841
1086
4228
4647
1252
431
3163
3281
461
1821
211
4246
1834
1558
1900
4970
4069
4796
1140
4612
472
4975
3627
2993
3573
3256
969
725
4116
3380
4485
18
566
3251
3520
2311
1104
576
965
3313
3977
2303
2686
832
3431
4294
926
1783
2018
541
2707
2588
1740
264
3827
2095
2404
4856
5000
3169
3863
3266
2250
4807
3743
2363
2692
653
1308
1414
4954
4387
2537
628
2544
3547
2411
4293
1486
749
872
3836
495
1919
3909
4285
1158
2047
3729
2568
762
1109
4542
278
1973
4410
1955
453
294
396
2246
1835
1881
1869
1778
3537
5
1304
830
2960
1775
3323
3792
2225
843
252
2602
501
3648
2842
2940
2473
949
672
228
3742
2629
352
2145
549
1054
2470
3923
4274
1895
2992
3273
257
1266
4374
1548
4348
4763
4952
1857
3907
3753
1968
1164
1682
2585
3833
2405
1378
1597
2846
3813
3
4251
4514
1088
1963
3769
2259
2923
798
3534
4986
1985
2222
554
448
83
2249
1858
2608
4704
3309
4869
1475
425
1361
2801
2214
3403
169
2855
60
2446
1027
395
3526
4876
1263
1966
741
2945
3437
1437
4032
1965
3582
4892
4725
2117
170
976
17
3205
4660
760
2981
2162
1132
1251
4630
4642
3872
1433
1807
4417
4169
2831
3007
4619
3073
3777
1735
1092
4286
2662
962
770
4258
1138
1206
1721
4303
2481
2465
2149
2691
2409
2263
4072
3518
1718
4365
4868
2890
2539
838
4867
1118
3161
1242
687
3041
2337
2697
2487
959
3786
3125
1755
4683
3762
1175
2857
2652
3236
4595
4531
2914
334
167
3952
2562
4284
2553
2147
904
3139
2126
898
4475
1861
1620
3417
3204
3706
2612
2607
1952
4615
1843
2066
1591
941
700
2353
1481
4808
4991
3142
4059
1077
3351
4993
4149
1354
4985
3258
4540
4161
2032
277
2798
2393
4009
4296
695
2758
2109
2990
3190
1474
2727
1585
2012
1920
675
1553
3958
3341
1800
2435
3529
1405
595
1316
2027
4706
3440
3322
2728
1473
1719
4846
4743
2947
4995
4297
1287
3145
3732
4982
2598
2975
1915
2800
3805
2815
3439
3120
3644
1239
3282
3636
3535
3404
767
3673
2870
317
1277
3382
3399
1901
1409
3075
2521
806
2199
3210
2720
3750
1025
1951
2858
3344
4324
589
2795
4000
1022
4115
3728
189
925
4027
4431
4383
2344
2909
3859
1273
4250
3586
958
1639
3989
3411
3226
2573
1913
3770
71
3531
820
2423
4429
3625
3528
181
1609
202
3746
3891
1209
944
1941
2035
1650
3976
3966
1939
2737
281
3392
3010
2650
808
1391
415
1503
4940
1315
1080
2017
3168
4596
4666
4147
3798
1886
2457
1660
3489
3254
3353
2254
4290
4936
4339
2848
2464
4988
724
4065
2716
2107
2421
4105
3194
4152
4651
3354
4826
759
4951
1742
4958
623
2826
4773
250
3645
2072
3757
1174
4377
3385
4622
3723
647
4385
1035
3719
4141
3538
4351
3641
847
1872
2515
1543
1150
2206
579
460
429
370
4827
3063
14
2509
402
4658
584
2959
3045
722
2809
90
4430
2818
2877
1319
1441
746
1123
230
2329
1982
4252
1854
2833
2878
2520
573
2496
3703
1335
1589
3227
4883
637
4959
2397
115
2226
3799
4025
879
1280
2049
1518
4477
2883
705
3522
1603
2184
3716
444
2952
1653
2076
4253
3112
141
3546
4200
4436
2037
4893
4835
1212
529
1281
2255
1313
1880
2299
435
2427
1745
2105
3328
298
118
4823
4172
1457
220
4121
438
4748
763
3557
2223
2840
955
4052
3422
4212
559
3796
3536
477
488
446
398
1379
3024
917
1871
2843
3610
376
2721
2022
4520
3071
1630
3415
143
2191
2019
4088
4424
3910
105
1172
3875
354
331
1943
3400
4151
2468
1794
4562
4801
1598
2116
644
3622
597
2643
4205
2479
2374
895
4003
4902
946
1397
4602
1494
3860
2594
144
2069
3901
2332
3183
4699
4261
4710
3059
1492
2202
3853
1365
2996
2661
1214
3705
4845
1921
2366
1619
199
4298
2340
731
1899
4336
3244
3981
391
3114
4881
4226
974
3215
4468
3684
2150
1044
3414
2300
1714
2498
1366
1376
1556
4740
2477
1009
4717
2542
2902
4690
1526
79
2424
117
787
74
3790
3918
388
1093
2819
829
4573
4905
805
31
3040
608
3994
4311
939
337
2682
648
3184
3386
3811
1038
362
3980
2703
1517
2519
1163
1884
22
4386
3530
225
2850
4680
1927
4895
3260
4598
1069
10
4006
3195
4929
4804
191
2903
1221
2704
4189
2782
56
4998
766
4973
4747
4547
44
3572
1722
1265
2897
2948
1195
350
4416
1699
4831
1848
205
2153
2621
4800
3144
4215
4326
1131
3870
168
1688
3464
890
4553
4720
4909
3603
1106
4809
95
3371
1716
467
2245
3709
3393
4343
394
3158
1577
1271
506
3591
4818
2901
1831
4811
3191
1759
1617
1039
3377
2412
2257
1238
2312
712
4497
3523
3131
1917
2786
884
3288
844
2628
4977
3849
1219
3867
4329
964
2812
418
1940
1505
4042
1692
3600
4236
2178
3848
2483
3477
4405
3559
3721
677
4785
3135
4550
1406
4471
1833
3222
729
4528
627
4490
246
2635
4522
3027
509
368
4965
3246
3109
340
3418
430
85
3691
1823
1541
2873
3877
3679
1633
2395
4671
4931
1246
1972
3722
540
523
2529
3370
3473
287
3589
2414
3960
4961
2284
4134
1094
3217
4086
1463
4315
422
3188
198
4780
3015
3049
4997
2190
2718
3633
2820
3640
122
161
4118
3704
783
4287
2872
2093
4112
1229
2054
4758
213
2406
4529
2154
1665
1340
3448
2731
528
9
4863
2383
2268
3102
951
1596
2856
297
3825
2325
776
2319
3755
1250
2666
1471
1254
1299
3197
1830
410
4623
4574
2913
1704
1328
4999
2739
4507
2293
2672
4770
1050
4535
625
605
4605
2264
1790
2829
4956
3167
2013
2637
3904
119
2256
4873
3466
4474
4173
272
3965
348
1678
2443
4371
4882
4102
4128
3957
4508
1323
4830
2962
2558
2396
1649
1459
1230
2085
2081
1629
3809
4023
1767
4887
2966
263
2182
929
3050
3621
2882
450
661
828
94
1636
1375
1133
382
4987
1452
500
657
1233
603
2957
4039
3968
3579
4964
3471
761
2587
221
1483
2122
658
2051
4571
2719
650
4702
4633
849
1980
2785
751
4265
315
4145
1805
3171
4139
4734
4655
3620
4664
639
4193
2031
4263
2062
1845
698
4545
4073
2493
4299
815
2708
4920
1865
2816
4030
518
4889
1442
1427
3484
4462
151
1410
4233
3330
743
3241
3841
97
4593
4928
1439
203
1014
1876
4384
1706
2696
4301
3349
3986
3507
2378
1477
1820
68
1531
3782
511
2500
1902
3563
1782
1005
4806
2513
4201
4759
683
2128
2601
3752
3540
3886
3242
2320
1723
2804
3661
2516
148
4203
857
2626
1906
2135
178
33
3741
1199
869
3337
2776
2345
4727
100
2132
4505
318
1079
1608
4418
1924
2771
4915
4736
777
80
481
1052
521
1137
452
3132
166
299
251
1432
437
4394
2572
328
3944
790
4136
353
3626
2574
3524
4668
473
4327
65
2188
3419
1771
2582
754
4346
185
4687
2910
1345
2943
3001
3865
1368
842
2034
2394
4855
3996
212
4094
197
2207
680
3906
4833
4659
1201
4650
269
3795
1162
2714
2230
4579
3425
4990
4853
2419
1938
2657
3387
3916
546
3081
3516
4756
3085
4130
2444
3225
1191
747
4244
2177
2338
4366
1060
1394
4322
4950
4817
58
3486
4472
390
3498
4413
3584
3933
2985
2810
338
1584
412
3278
923
2187
346
950
1887
4709
3903
4513
4029
2287
2495
861
1590
3206
4011
2733
1438
457
2459
3503
2166
2497
2071
4185
1851
2717
3113
4158
2410
1565
3459
4582
2709
2039
1667
4283
4053
821
1496
3076
2532
4723
3843
3394
4240
3997
499
3634
2757
192
4434
816
2591
881
2994
3759
406
2622
2103
4087
4077
3695
618
184
1257
568
1509
915
2742
73
61
3490
114
1640
2251
4646
270
4282
1320
2038
2619
4107
359
2314
2347
2663
4402
330
1237
3372
3852
3871
3599
1434
3128
4309
305
223
1514
504
4306
2467
41
1112
4523
4784
1350
1332
1155
1613
183
4310
3543
3275
593
3566
4473
2354
1144
2953
2617
3157
2924
4938
4820
1207
4349
2741
4967
4939
1685
233
1709
2576
3854
344
219
3733
703
2086
468
4275
3115
1084
449
1574
3052
2525
4509
1171
2618
4838
2670
1028
234
4953
1189
3363
3632
2702
4769
186
432
4164
3196
3822
967
1032
4415
3607
3267
3141
2258
188
1344
3373
2399
2274
1825
2322
706
4908
2753
159
3880
4392
4500
4080
4321
2285
2825
2474
2113
3089
4638
2060
3410
2130
510
914
3577
3080
1419
765
3846
2289
3501
2599
1663
1393
2368
3021
4670
3447
4731
1726
610
2615
1701
459
1933
1289
3842
2551
4495
1115
3297
2802
3201
4848
2351
4453
2388
3556
1053
1310
3022
3014
4754
3922
1186
1465
4527
4400
4354
4616
1573
2219
4026
2899
2339
3475
3580
2793
2403
2908
2065
2152
594
713
2002
1806
2110
3292
4393
1610
3905
867
4824
3108
4435
2101
2581
4614
1458
3105
4996
2194
3093
3262
947
1443
3356
4732
3151
2040
2540
2430
3053
180
1836
3224
3612
1181
937
2007
3235
1301
3708
613
1751
3838
4904
2068
1680
3720
3928
3701
4126
153
1402
1066
2010
711
1844
4918
1183
738
2916
316
4017
3807
3614
2860
2342
1587
3974
1627
2781
621
2416
2036
1228
3561
1469
1236
3908
2560
1545
1062
4482
260
123
4728
4362
4451
2659
1480
907
43
4814
2475
4344
1847
2774
4332
2980
561
757
3497
2698
3470
4880
963
1554
2261
3666
4885
3519
3801
3069
160
4206
3090
3133
1949
4906
1170
1615
3229
3930
4338
290
274
1055
1753
4195
3553
3362
2023
3340
3435
4062
2420
978
2369
1288
2790
3044
4138
163
1154
3248
4108
1185
267
4755
55
4932
4871
1187
4320
4181
2392
248
2941
609
2288
4153
2527
1936
3942
3233
629
1894
1694
4685
4276
4487
1732
4008
4382
2356
426
1796
961
756
2969
933
4235
182
1493
3406
3034
3564
3452
2115
4645
4131
3257
1529
2779
3892
1793
4224
4043
4860
1218
482
636
4133
2653
2111
1372
1814
3717
1358
2620
1958
686
2125
4024
3097
1226
1638
1996
1102
3569
4913
3851
2307
2450
2217
911
4989
4437
146
1407
3111
2370
369
2759
4942
4007
3630
2641
2102
4795
4022
2706
1813
3745
2570
1097
2376
4640
2667
732
1059
1975
3810
288
3888
4481
1418
1392
3861
2836
2968
1738
3659
1128
3815
4214
2417
4216
3070
4789
89
3707
3984
4347
996
1152
1448
3587
3873
982
1482
563
2592
387
1911
1198
4281
4805
2200
4033
578
87
2978
4016
1570
1583
4213
4452
3781
4068
1167
2935
1067
1261
3791
2920
2504
1703
4198
619
2835
3083
236
2699
3364
3450
4499
2059
335
1774
3457
62
2143
3562
3979
3192
6
571
2434
157
322
4162
3316
2335
204
496
1874
4031
2129
3756
526
3680
3712
1398
1710
2950
3816
1912
2861
2391
3274
175
893
3988
3230
4878
3395
1523
3927
3454
4757
4546
3998
1828
1324
3820
32
2273
3793
3731
1540
701
3583
883
3551
1733
1956
3978
2906
3094
1338
2104
4786
3597
1761
4302
486
2654
3917
4428
1724
4844
709
3814
779
3941
1817
3326
259
4010
652
1842
1552
3686
3221
3079
4628
4803
4767
4745
2001
1057
1937
4369
525
3693
656
1309
971
1107
3433
2633
3038
1101
1811
1888
3764
2991
3739
1087
882
2438
1760
2327
1773
4403
107
3940
2756
1216
393
135
381
82
1766
2212
4992
1632
649
3173
2227
616
1947
550
312
3329
214
935
2371
2915
3730
3521
375
4089
812
2998
634
4581
4641
4774
3658
3574
2
1421
2735
4941
4910
4070
2830
1655
3446
617
4015
289
514
4591
804
4270
4972
3068
841
2647
247
1697
930
3389
1180
1904
2526
4611
2886
326
1789
355
4460
931
2805
970
474
2138
1380
2813
4926
2276
1748
2687
1113
4388
215
4489
4675
3692
4907
4775
1804
3020
2760
4082
130
1611
569
2044
3736
4399
3413
1978
736
3983
3606
2439
1431
4238
3971
258
4516
537
3676
3137
1275
4979
1815
1447
403
3026
742
2134
3237
3334
2091
2183
2578
3381
1962
533
4691
3159
4896
2426
2304
2644
4480
866
4093
1675
4110
4219
3006
1950
50
1490
3039
545
3858
690
3494
229
2488
3700
307
2431
928
2931
4047
1713
407
1507
2469
4242
640
4448
4751
4793
2428
2972
1781
3369
3740
2447
2159
1683
4340
1752
4179
1961
4916
99
3912
4397
1161
4178
3412
2358
70
1283
3585
552
3992
2180
3766
2437
3663
3101
2627
4694
3299
405
1070
3218
4585
1832
4937
2690
2713
4566
1440
4028
4427
4419
3106
4976
1276
810
977
863
2522
3220
121
1734
384
1037
3074
3950
150
301
480
2355
411
279
2762
2198
4113
2789
3899
2004
912
494
1425
4648
2862
1034
109
4911
3252
3898
1355
3104
3654
774
147
1334
4316
1043
631
2807
952
227
3271
3456
4204
1204
3914
4631
908
2415
3713
2541
4672
2385
1278
1090
1248
2773
2531
4230
2746
3948
3973
858
4426
803
1569
2854
4781
3856
4188
2112
2967
3929
4840
216
4525
190
3637
3250
4657
2971
2262
12
3140
275
4504
3100
1725
1999
4891
2556
4245
2386
748
2761
347
562
4551
2317
3608
1387
137
3331
2887
101
3550
4841
2098
2456
4091
2057
2211
2058
1326
1959
1467
4168
4342
2898
4559
4949
4450
4167
367
2889
3876
2387
4532
1547
1647
936
1413
2453
2693
2918
1351
3615
3375
357
1808
4291
3502
674
2888
1870
4777
3506
3628
3146
3932
1148
1244
314
3002
1623
3710
1669
3175
4308
2822
304
1879
2204
1476
786
4196
580
2989
797
665
4457
4083
715
4705
3682
2108
4537
4700
3030
3975
1184
3837
4947
4484
3000
3247
3885
2235
4577
2237
4854
1384
2577
932
2280
124
3959
3678
2851
3894
4960
4123
3091
3879
2871
822
1909
4739
4857
4466
4125
4160
4337
2571
2185
4798
1064
988
3487
4461
4884
1073
1386
1607
1136
3124
3339
4199
2649
497
817
791
4957
714
3084
3670
3754
4192
2646
3558
4557
1065
2024
585
2380
2466
2817
3150
758
1908
3593
992
1983
1974
4632
3823
1339
4020
1885
3794
3780
1290
1004
3036
3824
2984
40
4079
2151
1422
2067
1141
4603
4014
1241
2524
1058
1893
572
1151
3993
2196
1905
3954
2929
3295
3126
892
1918
940
3619
2318
2987
2454
3193
284
4295
2213
1578
3972
3514
4963
4606
4304
796
4617
2964
3336
378
592
4447
4458
1160
903
692
4627
1194
1889
4644
2514
4221
2377
2866
794
4587
3240
2014
1668
4750
2232
2176
4981
3495
534
428
2711
4443
3300
4861
441
3881
850
1426
1012
1
2664
922
4852
2502
2625
2611
4360
3284
755
4667
2033
2927
4095
491
3187
3420
1670
2490
633
2197
3332
4358
2632
3155
1456
4943
4511
3136
671
4120
3314
2794
266
1827
519
943
1659
1203
2944
1838
4851
4097
635
878
3738
37
4317
2956
1695
2534
4862
602
4075
231
3982
3374
707
3463
4649
4776
2732
2407
2124
1522
1986
1041
702
2563
2056
4568
4144
3468
3122
3388
2090
1446
3920
4239
3441
744
4352
4858
1850
132
1331
332
734
42
2778
3213
4220
3234
1533
4843
4742
667
2175
3758
4040
1322
1757
4724
2865
1898
2603
3667
2788
1047
3818
1369
1382
4330
4150
54
2137
2026
2671
1551
324
3347
1083
4597
1728
1370
2954
4412
93
3862
814
3211
1776
4576
4872
152
4049
4865
1715
4174
2243
51
3202
4433
2593
4584
4539
659
2543
1464
4241
4815
4370
3003
4478
3775
1023
320
1436
1033
3832
1736
3696
4712
165
1605
1377
4741
1021
4716
2267
1333
2324
4834
2936
2123
3311
1279
142
2233
1945
4778
2730
4791
179
4933
993
1449
720
4194
313
975
4044
1691
1818
2164
536
4890
4359
113
2922
1274
4797
789
4456
1479
2668
4689
3784
4081
2009
2884
4046
1031
4813
1491
1511
739
630
2642
831
349
35
4217
4256
2070
3698
1648
986
2100
1645
1119
1015
2946
4608
676
2271
1754
2791
1625
3451
1626
864
4713
2634
1166
4927
4898
2876
3285
708
1562
2827
4583
3744
938
2685
3174
469
1969
2638
4318
3493
522
508
1435
371
2624
3185
4171
2290
1111
1994
23
4626
3361
3499
542
3360
2921
1272
2139
3510
4055
4526
345
4288
1731
3305
1026
1612
2011
3855
4404
2510
4879
3911
2766
909
3160
1462
2880
325
871
1758
3424
3117
2784
1317
1013
3172
2749
3199
4104
140
1046
854
3368
138
1984
2485
1495
1453
4307
1693
3232
52
1018
466
2165
2063
2605
1245
4737
4061
1896
1658
1282
4019
1208
4445
351
2569
4103
1803
679
4592
399
3243
4391
15
4098
3500
1197
1797
1468
3467
3359
3436
64
4735
4760
3931
2503
1045
2528
2308
2610
1741
1772
4570
1202
3461
957
1989
4787
4066
4730
1637
3618
53
1205
3857
1100
942
807
4707
588
512
13
551
1997
4060
4356
2229
1890
201
2875
1061
1450
2046
3289
276
1142
1948
4886
3261
4470
3990
795
386
2448
3797
987
4564
516
490
1873
3280
4643
681
3348
4692
1564
670
1455
4718
1698
4175
3321
4486
4656
3884
1504
764
2305
4752
3724
4966
2738
2951
901
1168
4367
1762
2933
1922
3103
919
3086
2282
1588
4761
4280
1868
3697
2828
3031
1729
3462
465
4556
3737
3013
4398
1117
2491
1095
291
3831
4035
781
1707
98
4543
4331
4395
1396
2724
3153
4744
2074
2955
3642
1056
2224
1519
3804
4229
4554
1903
924
1677
3517
4636
3130
2078
4191
3432
2210
3426
1325
1560
4922
1679
3592
3590
2114
3383
196
852
2186
1502
4635
3946
3999
1110
1460
3276
2330
2216
3376
3428
2195
4669
4335
4279
1153
991
1635
2260
3219
303
4919
1364
851
66
3263
2548
2142
894
2080
1944
4277
920
3664
413
2554
3294
1415
19
4180
3474
2283
3568
3048
341
2155
3107
3601
3963
78
2772
3711
3650
2482
2362
1329
2041
2864
2575
3839
4613
493
4389
3277
4654
2566
4639
3017
2508
46
2533
1712
3365
4271
1127
1082
2005
4264
4816
3134
2302
4609
1595
3623
4444
3945
3460
3883
20
3527
2505
1298
292
710
2748
498
855
4137
2891
2942
1749
462
1420
217
63
3443
2073
1146
1600
788
990
4225
2604
1348
1687
2938
1977
2552
423
960
2655
2780
1497
2895
570
1510
235
127
4257
86
4888
3683
2148
1011
3925
1302
1744
1489
1411
3962
2535
1000
2811
4897
998
2097
1306
1445
2754
1346
4663
416
84
2432
1646
1352
380
874
1176
560
622
2161
2163
2121
1134
3544
4375
2480
4454
660
1928
3479
1580
2722
4519
3970
3307
4498
3335
4313
27
1081
4001
1960
1544
4847
4962
3061
3532
3947
1520
723
4045
1400
2824
2334
2564
1051
483
1124
2003
4506
1559
4269
4222
4408
1381
3023
59
4894
4355
102
3358
4624
3525
1777
285
1802
3239
4721
2841
3882
3028
4439
4041
3152
4850
3306
4900
3555
75
2008
543
2867
2684
1601
308
1120
4983
3279
2499
4842
2489
4494
4170
3651
4984
237
476
226
4555
564
4924
2050
1628
860
678
1389
1401
2471
2082
793
1652
1030
2768
427
2600
3835
2814
1563
2296
222
1676
4114
1072
455
4825
4594
2755
4132
2472
4260
4101
4232
2089
2536
4708
1294
2648
3689
1515
36
600
1826
4930
1311
2974
2323
4223
4425
224
4048
3480
785
3445
4738
1085
1286
2201
1513
4715
1270
2336
4536
2087
4923
173
2173
300
2270
968
3423
1285
3123
3357
492
4002
4467
193
4038
3934
2701
2240
4782
2422
25
1049
1388
3442
3207
1235
1105
2131
2208
3887
1534
1232
1222
1399
733
1363
4665
2321
2679
3405
645
1689
4533
3581
3515
443
4565
4159
1259
4695
3438
3127
268
1291
2606
3333
3164
2639
4357
45
2269
1478
1686
239
1527
3346
2373
599
2586
2460
4210
4469
131
4328
2000
1863
3921
811
2025
3969
3444
673
4875
3749
896
76
3588
2823
417
385
682
1579
2751
445
1856
171
2912
515
3688
4273
1616
176
1211
253
4679
1549
116
4064
662
1188
1200
2965
38
1213
4674
2140
1374
3072
3421
3119
3505
4085
1390
527
4969
1535
2651
2357
3751
547
3817
154
1810
358
1916
1672
2181
699
2094
162
120
2675
1530
837
3046
4662
3943
4917
856
3290
3541
3571
4753
2278
470
286
1656
2849
972
2244
3189
1454
3565
4373
447
327
2440
646
309
1145
769
3629
69
4078
3900
716
4155
4864
1130
818
1878
2838
3935
3605
194
587
4783
966
2683
1506
897
2988
1730
4590
1485
1891
4836
3961
2806
1606
3181
3567
2381
3936
4625
48
1416
2517
1234
4154
910
1147
240
4503
3200
3416
128
3308
3613
4465
2231
553
4090
3430
3609
2995
4599
1837
1931
454
1561
4681
3367
1816
3714
3303
3850
2313
408
145
2970
575
4063
2281
4637
4208
3687
2767
77
721
3665
3893
4501
4502
4575
1307
2743
3778
2511
3408
4586
4401
745
1488
809
4166
471
2590
24
4534
4449
3287
3043
4146
4076
4440
1403
1599
3840
3685
4106
3087
3231
254
801
2286
840
3396
3325
2689
524
4676
2494
1017
283
859
342
244
3378
1223
2844
1305
3924
3398
3268
4719
4013
1327
2930
3129
4764
4802
3482
401
2726
3953
200
373
1954
1988
3509
2061
1373
1720
1907
2710
4601
4266
421
3384
2384
3956
2209
3939
1764
2441
3995
2792
3800
2892
880
3866
1255
3032
2904
88
1779
2118
688
2547
2248
245
4176
2348
1747
280
556
4051
96
778
2413
3611
3056
4810
505
296
876
3677
2979
768
1068
3653
4234
4677
2043
3616
2052
4698
1739
3035
2678
2021
1787
4380
2390
1342
2238
3379
2893
3779
3212
4411
1404
366
2291
3655
1293
2752
1785
2157
3098
1550
2179
4925
3481
475
888
1532
565
2079
2192
3656
3747
1224
604
2715
3310
4828
887
3312
2442
2729
2433
3576
4037
4701
853
2367
641
2346
456
1267
377
1336
2236
4849
891
110
2853
1780
1010
4034
464
3042
3320
2905
4903
3180
4517
4446
3156
2549
2845
1284
3429
3488
3453
1673
2863
4703
1995
1001
3844
3064
2382
819
2436
1998
530
1159
1007
2557
1786
2156
3019
2676
3176
4901
503
1926
1925
3649
2326
4363
4822
693
1353
2133
2478
868
1992
2763
2359
4530
4971
2725
2266
3291
615
2252
3938
2837
2492
2734
4492
424
2350
2449
2241
2193
2999
3178
3476
4766
752
4762
2631
981
4119
4518
4422
906
4790
3624
1268
4464
265
2900
3391
1341
1006
4946
3889
3669
583
2045
3604
4334
3783
2253
4544
1020
4157
4268
535
2740
3350
1149
3821
2580
2523
737
2614
3148
3812
4794
2808
108
889
3165
310
2451
1262
3407
2203
1819
3727
4567
3949
1681
4772
4209
2294
2309
3143
1923
4914
1674
1882
4142
4345
2172
2680
1737
2484
3402
717
2765
1566
1661
1177
365
436
7
4673
2292
2797
1575
921
1008
1853
3594
870
1631
4746
1173
1883
4376
730
1769
4588
4733
4099
4607
1642
3828
873
136
2006
3162
2352
4955
3149
4442
2053
3270
1644
3088
4184
1472
3734
2361
255
256
339
1567
771
4353
4821
487
4056
4524
2894
1664
691
3397
16
4686
3154
479
626
4589
1538
1571
3869
383
1582
4483
886
3512
2158
4396
1312
3803
4012
3469
273
4934
21
4135
728
207
2932
3763
3138
2136
2476
1970
2695
740
3366
172
1461
3066
3694
3478
1568
2963
4414
4722
2295
2029
1657
1076
4247
4714
1690
209
3668
2512
4074
4455
538
4491
3647
2077
2055
1849
1362
177
34
2221
780
1586
360
4870
2688
2275
4819
1746
321
379
1063
1702
532
1075
2868
601
2265
1979
3991
4254
3545
4054
1708
835
3897
4292
2445
2747
827
4248
1964
3004
30
918
1822
91
3286
1967
4350
1412
149
302
2926
4004
1840
953
2852
1240
2705
439
232
513
1666
520
1508
3496
4510
3617
727
3338
4974
517
4693
4143
3902
1343
548
719
125
1829
3047
2636
1929
899
3054
1318
1622
643
4117
2925
3847
47
451
3216
668
2389
39
1516
4231
3208
1521
485
4267
4799
1942
4249
989
848
4558
3060
3915
3735
4488
1220
502
4190
2745
1798
1784
1768
1809
3513
1096
1347
3401
271
1182
3660
1618
2171
3595
2983
4067
865
4187
440
3214
1537
1424
995
1430
238
999
4438
3055
4372
2561
2167
1852
2787
620
4278
2616
2301
1981
1792
2365
2106
3095
685
434
567
2596
164
2375
836
3508
3302
1190
1470
2372
4227
1864
3238
4459
4058
574
1991
704
3548
3639
1357
1359
1225
1634
129
3065
3638
4837
174
1501
3681
3718
3409
3826
1217
4111
1990
4182
1700
799
1303
4935
3099
669
913
3253
3690
1654
1157
106
2343
2783
1258
1756
4207
557
4479
4259
3170
2589
2064
3029
3699
1125
3177
900
1139
4092
1417
839
2550
4832
1671
1451
2297
4493
2306
2681
4036
1429
1367
1383
4604
1750
3635
4341
1042
3776
1930
2879
2364
4788
3955
694
3147
3890
1048
979
4378
420
916
1227
3671
2220
4620
3715
846
3209
539
1192
3198
2127
2859
638
195
3012
3868
1129
4100
2977
155
2694
3033
1546
3748
3434
11
4163
2939
4618
3830
577
3390
1651
1542
2169
3643
3011
2874
2402
3819
1169
2218
139
3324
210
1987
4552
3806
3771
2613
4779
1016
3802
1555
3768
1135
4237
3465
2042
404
3342
607
3296
484
1121
4859
3327
3067
4899
4688
3542
478
1078
4560
2239
3578
606
3874
3937
3051
2272
3179
1824
4629
2595
2665
2349
134
2174
1428
697
4877
3772
3203
4186
3293
3427
3092
4379
4652
1295
753
3657
4183
1360
3249
1528
813
4314
3631
126
1953
1371
4765
2418
4255
28
684
4243
2640
1036
4496
4561
2538
3492
1330
3057
419
133
3455
1604
4549
735
1210
218
3951
1269
3018
582
2674
1705
4792
4980
4423
1624
1875
374
1763
3016
2279
1193
3301
4948
3182
1862
414
3118
2096
985
2328
1484
3761
261
1196
1002
2934
2949
1349
2144
4515
1860
1296
2028
1156
2958
3345
2677
1602
400
1444
319
1935
4610
4678
4140
1614
826
1684
3672
2712
994
1576
2088
3987
1859
1711
4463
4661
2885
3283
364
1593
1932
4572
2501
4521
3458
3319
2015
4729
2583
2584
3788
1126
980
4084
306
3773
4211
3570
1971
356
2099
3760
845
718
1089
772
1914
208
2398
823
2092
1356
2769
834
26
1993
1717
1866
1264
72
67
3702
2160
372
3166
2119
2869
2462
1801
2799
1812
2530
4156
689
2700
3008
4921
463
4578
397
442
3895
242
792
1243
1099
1499
1788
4912
544
4325
2452
4300
3025
4749
2976
3077
2408
862
2579
433
3845
2847
2458
948
775
409
2331
531
458
3675
1165
2425
954
156
3829
1247
1292
3078
1116
1976
112
1934
3765
2546
2461
