6916
3797
7363
6546
9823
4895
1161
77
3639
2678
1348
6103
6353
7540
3113
8391
487
9319
1932
9801
2640
6127
9076
1418
670
4903
5134
4296
8686
6105
4683
9544
5504
2975
2732
8775
9894
9975
9467
9974
5582
4347
9757
4041
9337
315
5819
4285
1277
8436
7362
8531
4333
8961
5456
3610
1561
3891
3479
9892
5363
8488
5502
5188
2980
6089
1442
8339
5761
3858
6596
4460
6223
4349
8615
1419
4533
5522
5418
8440
279
3331
8909
8262
3422
4217
687
6527
9780
3083
2382
5209
571
6689
735
1619
7068
7867
7451
6012
5655
4185
6642
5333
1086
5549
6723
5734
4613
8812
4163
1832
2799
2498
8338
2107
3727
3847
8414
6058
7475
8104
1270
6337
705
7043
4929
8258
9433
9912
5598
8323
16
2445
6130
6159
8296
5800
9880
1789
3843
5095
2948
267
1096
3281
9146
4756
2928
2350
3192
933
5934
4744
5516
6254
8191
2784
801
1556
947
1865
9063
7359
9919
6189
3030
7547
174
3762
7193
6346
1642
7872
8935
6663
2518
7066
5072
7777
3961
8841
344
98
1843
1835
2464
908
2074
2409
2227
1328
6115
7098
4391
5712
4463
2430
7508
803
2137
5647
5185
9456
2477
2987
5228
1522
752
9350
41
275
1297
1919
1030
8828
5469
9922
2971
6315
4722
1939
6049
6190
5619
1958
9945
9235
3042
992
4200
1145
5754
9792
8895
3127
4049
7464
480
4937
2772
5264
5265
6041
2571
2076
7983
7910
9361
6409
3801
2071
6722
9380
4930
6406
3215
9157
5662
9745
6361
7390
4224
5350
4490
5437
9624
9030
749
6820
9042
5096
6345
8725
1812
4977
8351
9344
1201
3649
7548
7972
4547
584
1948
9855
3344
6362
8269
3637
5320
2842
8655
348
2773
1140
5478
3623
8824
2093
4016
7561
1034
3397
561
3767
3759
435
1321
3492
8838
6357
7549
8236
7369
9915
6804
740
3513
8285
750
1112
6538
4484
736
553
9498
4283
3808
4585
9075
6976
6042
2708
660
9282
2526
6437
1691
7950
9029
1329
1579
3964
5618
8907
5024
5202
2416
3425
5657
9581
3388
4914
2415
4626
8167
8724
7246
9103
5086
3222
6899
2972
2543
2139
1879
8701
2601
6052
2567
1676
4488
7896
4778
9536
1123
5865
8337
6763
6699
6769
6158
6008
5369
828
2449
1986
1179
194
5472
617
2402
5561
2666
4258
7531
6507
2541
9148
3507
4143
2862
192
4801
1147
1003
2261
7458
7454
5904
7537
2375
1252
158
7053
5428
5112
5171
7492
1208
6242
5678
6138
2128
2595
1623
7313
3832
5319
7728
4577
9605
1439
247
6861
4670
5269
5316
8186
9766
3540
6968
1631
3358
6557
1322
5397
8933
3822
2223
767
3680
2927
8069
89
3486
9566
966
8063
2898
10000
6053
8975
4570
9571
5076
6139
9340
7827
2648
9228
2961
7994
2437
4018
5137
2215
846
6731
6760
5688
2096
5296
3904
1911
1130
5715
1246
8357
5808
8703
3685
7273
5881
4935
1980
710
2951
9204
8482
1791
1896
9192
848
8175
6682
2067
8340
2367
3659
6073
9662
1871
6576
3897
3366
8469
1584
896
2760
6413
9515
2719
7871
4075
9879
7717
5093
4546
4115
2591
8280
9234
8759
5882
5065
4256
923
7693
1390
3483
9303
7281
2267
1923
4781
9250
8621
3302
1863
8197
7449
541
4287
7836
890
2386
1332
2622
7756
8565
683
3032
4243
2131
6432
6099
5607
7338
9363
9690
3190
1507
4933
1062
1895
1430
1599
5505
2908
5822
8848
3908
2483
7794
6893
2747
1383
1751
4641
9980
546
8772
2446
2561
1893
1008
946
2742
8550
1635
4055
4853
4640
5968
190
4858
2421
27
2028
4356
4878
1724
4605
254
8147
1729
1973
5443
7445
7763
2581
1141
4297
5141
2459
2018
4450
1982
8661
8125
7984
8941
356
4589
2331
9848
3687
7646
451
9831
2456
2252
5241
6056
2632
5997
1455
3210
2977
6939
5126
5713
2769
3385
1460
4671
1438
5874
9541
9220
8156
6801
6281
6175
1434
5164
6936
5682
7057
4667
4874
270
9790
1826
1463
8668
1762
3418
8
4427
8178
4205
8295
770
5956
7197
3129
2603
3758
8139
8465
6109
4000
5142
8344
8638
6914
3935
8476
1809
1481
6374
2643
6622
4593
4111
720
380
8600
6203
727
2701
9280
2341
59
5766
4612
123
5697
207
149
1176
8800
6385
6107
9374
1806
3428
718
1591
8425
6092
4881
1551
9087
7884
6122
9040
6504
9346
7096
1930
3100
5417
6740
4084
6567
4819
8815
9137
310
6515
7638
4912
1331
8966
5707
353
8081
7465
8557
4318
3741
5356
9342
9122
4482
3066
9454
9043
3988
7861
7665
2373
4116
607
4569
920
4623
4932
5602
805
4097
819
5565
3903
3893
8246
7090
3432
2694
2411
4219
6135
3846
7700
1324
4124
1330
3555
1928
74
8849
9932
9702
7247
9538
110
3594
5987
8129
4862
2292
5639
5139
5132
3655
413
5776
6932
8983
9026
7544
245
1970
649
6581
5162
9733
5089
3096
7545
6121
2347
7765
7062
5936
4999
7123
3148
3867
9001
7001
3931
152
8920
4286
9434
5650
7094
9113
5328
4028
5806
3579
4249
1821
2917
2766
9407
9991
7239
7172
6289
7560
5153
5423
5858
2931
5258
8270
9291
2829
3064
530
857
5959
7233
1405
3415
3250
4839
1230
7186
7930
3562
2529
1217
3441
1088
6444
6296
104
5652
1647
1238
3158
5868
8468
1530
7490
6640
7414
6958
8109
2533
2489
2549
8570
496
119
4023
1782
4183
6806
6628
8485
684
4466
6032
9885
1490
4187
6227
4022
9727
502
2577
5523
9002
3668
7262
2743
8607
8945
9472
8123
8277
2578
1929
3987
8874
6250
3167
5020
1406
8174
1341
5471
7339
3644
6624
2242
8409
7237
6207
2646
7955
8401
3080
6865
2380
1500
7546
7466
7365
2492
2
1299
3591
8209
1216
3763
1947
2121
8192
4473
5100
5794
5078
5685
8955
4354
5085
9430
3608
8688
1015
2993
6979
5966
7722
7504
6399
8676
7510
455
4879
329
6172
3303
1011
6688
9570
1313
3110
6167
2573
5853
416
3387
4346
9260
9275
1097
3854
5218
6036
53
3498
398
1502
8813
4337
4211
2346
6761
4386
3993
4527
7375
9084
8432
4918
9591
3583
4324
7880
8583
5813
5161
7874
6647
5517
9422
482
927
8463
7854
3861
812
6202
6473
5714
1614
7734
833
1753
3025
926
7268
7929
4971
4529
8159
1052
2607
5066
8218
6219
9549
4274
954
4312
7298
5953
9925
3312
3940
7152
6011
9089
7080
6212
6085
9128
9431
3557
4459
4896
1956
5410
3769
9286
1967
3950
9106
3559
6331
7946
1833
1831
5676
8648
7553
6142
9873
9464
1394
2277
8092
7137
776
7652
6586
593
2427
3253
8546
477
8894
5912
2810
2686
2234
9184
8944
2001
1260
7915
1491
9359
3800
2594
4218
4273
3926
2805
240
1239
6128
2634
9437
6453
869
3690
4235
1759
189
9640
2299
9949
4365
2083
4119
7829
5629
3137
7101
1160
544
4955
3928
8002
506
6084
5094
1652
9185
5027
8049
8820
70
1237
4174
7686
9415
9698
1942
6547
4411
6923
6218
7371
355
800
2786
9174
4407
3140
6605
4824
3115
7654
5121
9817
8733
1262
4734
2510
4952
2302
4989
2673
6881
3416
1680
1498
1621
5533
7681
599
9664
3599
817
1612
3105
4592
439
1089
6606
8652
3285
9776
3640
664
6871
7424
2311
3223
577
1359
4628
3469
4534
2681
7785
476
3273
9692
2403
290
4007
8976
6589
8866
3876
1665
2761
746
4260
4749
759
3268
7295
9869
2664
4491
1562
4057
1855
5658
3689
3615
1119
3946
4531
5542
6208
7145
2966
1012
6845
1756
262
888
6563
9622
763
1739
7437
2052
9485
4087
5432
8234
8083
5362
7762
3260
8294
1055
9968
72
3475
2746
8537
6553
4369
7568
4748
6344
3061
940
287
364
237
2193
7589
7591
3880
9164
4259
1349
8541
4504
7269
2593
8184
212
3325
4216
1183
9179
1111
2645
7222
3394
2910
8169
2016
6736
7721
6512
6811
5039
9396
6692
4034
9206
5846
6393
9338
680
2304
4140
1128
1495
8556
1658
9589
9934
8353
5283
252
2485
3482
3199
9649
6271
3390
1014
8506
6495
7170
1808
5311
7769
6050
4860
43
7980
7551
2407
9822
9009
8240
3099
565
5097
5424
8114
4170
2563
1107
4871
4298
9496
9225
8525
9660
6964
2072
4063
4693
9410
3230
3888
4144
8244
9071
3885
7416
6519
7348
1529
3225
1378
3604
9625
5628
9000
26
7293
101
7072
6859
7843
3774
4492
9826
6034
5480
6880
9800
3117
4194
4489
5825
7324
6039
5809
9686
2111
5735
4189
7236
9982
2812
6539
204
6264
1468
3456
9053
2618
3459
979
291
408
2936
5793
8924
4132
9203
4293
5332
63
2703
4866
7979
1033
7707
5573
1452
7131
9612
4095
1199
8807
7791
7412
2621
1868
9125
3267
9133
6526
7174
5203
6434
3874
9913
8451
6815
6685
5514
6284
6786
2387
2095
7199
5663
407
8181
6427
8183
9627
9983
2091
7585
6952
2383
4849
8770
368
3342
570
7386
2297
579
626
6213
5681
8814
8919
8012
3002
7357
741
3643
6542
7838
8670
9215
8548
6290
5877
512
4399
883
6783
5101
3214
4865
2266
6368
5231
7394
8310
4389
2682
8579
8345
4821
4288
1888
5115
7312
8622
6108
9172
3536
4082
8906
29
9568
211
3372
8360
4113
7604
9100
5213
418
1306
9551
3506
7321
405
508
2726
1051
7661
1190
3654
2004
5616
6986
8773
2490
5117
9383
7176
6177
5280
8999
6280
7764
9860
343
9861
3118
7606
5677
1703
5386
6827
692
4590
6730
2527
5148
4709
882
5058
1180
4248
8405
395
1542
1862
7171
1065
6282
1253
6778
9645
3700
6706
2866
8647
5640
8595
494
1370
9641
3828
4052
9654
7069
2698
2520
6700
1721
9619
4601
7161
9471
7865
253
5506
6791
1800
2146
4767
5737
295
1830
8869
7998
2825
837
6410
1101
4270
7245
8160
6858
1901
2123
3720
2878
472
4157
7013
130
9962
5537
1755
1763
5674
7581
7030
6573
3236
1616
5412
7360
2660
6452
3510
1834
1983
7256
5387
1045
4125
6231
7903
8555
328
4654
8860
8606
5584
6802
4054
6732
393
4701
3195
5965
5256
3986
8437
5550
7049
2623
1953
2002
4178
8082
9317
6327
5771
4161
679
4558
7918
3363
3551
9722
6616
5624
3818
8709
1940
4754
5852
9426
7202
7322
5163
4777
3850
5279
12
6035
4355
2557
2672
6828
2316
4374
7947
8529
7052
5031
6969
1716
7626
1486
421
5494
9166
3889
1629
9961
8986
7603
2644
7935
948
8649
9243
4818
7579
2920
6480
3501
1649
7290
3775
8929
4782
7029
1074
2037
7344
6479
3139
3075
9744
629
3168
3852
6834
6129
756
4442
1767
1685
8173
1298
8742
9497
6779
8578
1193
1717
216
1480
3731
4574
6887
6509
3338
9356
4829
9736
6993
4522
3849
1670
5886
5893
6093
7151
6401
4303
7974
1552
9169
3907
3882
2159
6429
1692
3018
4089
6278
4797
643
3248
311
6762
221
415
9161
1018
94
765
1202
5145
9501
3125
5860
1006
9583
5143
5450
3777
9211
6824
6232
6533
1839
6741
4422
7936
8562
2512
7017
6014
9631
9056
3049
569
4030
7768
3503
9226
1933
5158
4441
6843
8055
5942
8291
3914
4394
1718
5194
7543
6934
4364
6747
5613
7398
7383
1255
3921
3144
1515
5360
5999
2620
1167
231
4326
7311
661
164
5092
7082
5992
5074
6838
474
7835
8881
6873
6918
6900
300
6544
23
5375
1354
6621
132
3238
4855
156
2776
5327
2466
6602
575
1725
5870
636
8304
5844
9289
1311
542
9428
1440
824
3000
3317
8299
6612
6693
766
4528
6023
9196
5277
9616
8551
1653
9993
7612
8949
9276
4861
1873
3478
7971
3817
4474
2246
5490
6018
7957
9229
609
3839
7418
3245
8022
2763
4742
1765
4090
3886
4936
934
1279
9160
5128
9191
9924
3377
7740
7879
9857
8545
8018
5483
3440
566
5495
7898
9940
6314
4820
7264
5125
9406
4649
3271
722
5772
3898
9685
6649
4234
2693
7601
3812
4066
8698
5452
2174
214
1693
5692
8951
424
4408
1411
4657
8604
261
8383
6696
9499
2939
3825
388
4290
653
2089
8120
6521
5848
1146
2219
3155
8271
4197
8672
3910
4051
2514
771
9010
1172
3802
8641
6819
6766
603
6197
3701
9576
4981
8650
7215
818
4983
3798
5720
9634
9156
9977
6995
9483
1714
4629
1987
9023
9236
4802
7969
6196
2849
7855
79
9638
8334
699
5727
381
1927
634
3055
1512
220
6529
2432
5538
4212
2053
6770
1072
1917
1456
9621
2130
7270
2343
7965
3063
8880
9264
2371
8471
1907
8449
2585
9716
5401
5887
5221
8637
5116
1683
1339
4203
5835
8142
8673
1897
5724
9532
2855
642
3283
8382
7574
6147
274
2368
7692
849
7499
138
8297
6882
1543
6340
1745
7758
8623
9448
3370
39
1572
3188
644
5984
1387
2361
6704
8201
4747
9907
2145
7399
34
4703
9102
7019
7064
7932
7514
9181
8419
2771
3442
8943
5641
6945
7050
9948
6333
386
996
2160
9636
6768
4322
6125
2480
4803
5841
1769
6675
4202
167
8510
4872
5371
8009
4505
3163
7207
8282
3240
5006
258
8766
8963
229
4926
1004
1399
400
3234
5226
9313
1336
2258
5601
5441
2125
6595
7491
4048
5821
5760
6425
4425
8882
8687
1813
9399
324
1564
1720
3326
7637
3670
6292
1019
4702
4586
7497
8059
6775
840
963
7473
8422
3067
6359
4226
8308
8396
1485
1624
6312
379
6970
5789
5021
9901
4514
2308
4453
8611
1075
3576
6577
8362
9451
1484
7878
3799
3936
2458
1220
9798
7817
8567
8522
9420
5634
7847
257
3247
500
6989
9455
7820
8767
4047
8657
1443
4316
1309
6318
1408
3175
8586
864
7440
3141
2210
8131
5909
3296
2295
3447
9884
5365
915
9119
9416
5862
1935
9470
5585
9267
5749
9572
1000
5947
8196
6578
316
7022
6350
1367
6126
2226
55
5536
1730
3376
2184
7374
5019
2950
6829
5949
2669
8456
4705
6594
4611
1770
5838
9165
6841
5255
8957
6259
9189
3207
6154
562
6443
2598
2255
859
6790
4804
5530
8730
3780
1469
7036
1276
3932
5118
3560
1675
7249
2667
7376
9794
6919
7315
2886
8973
9217
7739
8249
7529
1108
1998
3470
5458
6891
7045
7968
2279
3374
157
8279
7191
6304
2937
5315
9608
3287
8024
8341
9013
2328
5689
1286
2820
9647
887
2930
8398
9105
4307
294
347
4746
9404
4931
2915
7134
5500
5303
784
7433
5199
2484
8478
5477
8278
1152
3193
5219
8843
7444
4984
4225
6080
3111
5729
9529
417
9693
5239
6398
1885
9781
1807
1038
4262
8723
6593
2236
5050
2502
8343
7430
226
7027
2706
1853
2342
4180
7411
666
3688
1856
6653
9193
5803
7259
8853
2566
5791
4207
4835
8317
52
7332
1898
1310
8577
7729
8276
2443
4928
624
4548
6069
4609
781
3662
5511
3628
2528
6198
5603
9479
4732
2240
5988
630
8210
7309
3653
2221
5040
2894
9170
5211
671
5026
3068
7733
9273
5274
7287
3433
4619
2964
4181
4112
4058
6317
6926
9760
3098
8558
5823
2733
5242
5007
5753
3756
8756
8298
2740
1788
479
6424
7004
9135
994
5731
3056
1290
6363
2289
2692
4635
5045
2086
608
3431
362
1267
9793
7155
3016
6268
4780
369
973
6230
5637
7942
8288
6279
493
1707
6725
4153
709
8608
2329
6534
9329
6652
3981
1904
1472
5527
902
484
8644
918
24
2192
8744
1634
1236
2319
4064
1611
5000
4521
9439
437
4771
8151
1256
3719
6739
1488
7462
1281
3848
1878
478
2061
9530
6326
8329
7469
1087
7431
754
517
175
3607
9271
3284
6173
8214
9073
8027
3661
8921
9382
8937
6024
4770
4995
8431
9711
7920
9272
4130
6668
2599
6633
8700
7582
7826
863
305
5104
1165
9366
7977
8386
9849
6246
8967
8603
1447
1497
6144
943
3395
9741
7938
3356
6010
538
8003
7304
8618
271
6031
8710
1031
5245
7736
7446
7479
2974
2564
9886
5329
5910
2653
650
2905
9188
197
6513
9094
1025
1771
4414
2628
9759
1392
8840
3291
3008
4729
5644
4659
5271
7112
9805
6274
3132
605
7773
6070
6192
9723
3735
3038
1067
3673
8718
6204
4998
5890
7923
982
2164
7341
3263
702
3200
5224
4582
8452
248
7877
6323
3518
449
6062
3412
8194
8825
5497
4508
1828
1094
6921
6381
9773
1886
1125
7142
3823
5621
1437
1506
3116
3183
4417
2540
453
4595
9767
3107
4602
127
1609
4889
9116
8153
9120
9976
5354
5393
1007
9718
4009
1209
2534
7505
8272
6273
1708
5359
4019
4689
4362
3404
361
7279
1174
1444
3333
2425
9996
3869
7701
7377
3321
392
109
2882
769
4604
4927
1887
3791
4735
2986
3209
9564
3221
4666
3539
2408
8367
6352
4110
9594
8690
4552
3713
124
9753
9714
9508
330
8320
2088
4342
1978
3584
5297
6877
122
3970
3934
9916
4142
1265
1810
7156
6759
1712
4078
9390
2845
5151
44
6569
9867
9245
1829
2777
5123
2135
3681
1083
3697
9019
6548
6455
7772
732
1949
8873
7759
879
576
2751
50
1221
1848
6996
3411
3785
1194
6188
423
9386
9358
1709
5620
6243
7345
1550
5883
9696
4040
8245
2482
2472
3708
4817
3944
2519
3301
8748
3504
9699
2903
5922
737
5310
7789
5539
4438
3760
5630
1575
3254
983
3074
38
4535
7225
202
8102
3532
3855
9609
4720
155
3989
1487
4740
3739
3605
3526
3635
2941
2616
6568
7150
8219
2641
8222
4511
898
2587
1560
7190
8640
1226
5843
143
4426
8004
6780
9799
5723
4560
8472
5924
4431
4711
1133
7928
2179
7738
4176
6702
3085
5205
615
9131
9543
6909
8148
3082
1761
5150
3927
2532
6468
3282
7020
7330
5326
302
5489
2410
4102
3398
2712
7804
9335
2473
3620
3177
4501
9972
5391
5908
4428
2506
1042
391
6852
5627
6949
844
6941
7532
9806
2890
4134
5885
1432
9990
3012
2685
9403
8997
7158
9737
6447
3102
6915
1841
1603
6943
3369
1173
1672
6884
4792
4451
3541
8235
2538
4198
4823
3262
2731
648
5811
210
3652
6071
1924
1678
1057
8421
5519
2844
5293
861
6419
6902
8580
3995
3003
1280
5175
6961
3949
3355
8091
1768
301
9411
520
3304
8752
5769
3373
1875
8587
4708
5491
6426
4687
1944
5459
620
2115
3266
1343
432
4228
8923
2401
847
4869
5857
8870
9903
3743
3220
3924
9095
2605
8080
3368
4684
8207
6149
6748
9355
2122
2691
4696
284
8739
5544
9611
1570
1337
3226
762
6181
9683
5751
6454
4795
9474
2629
5299
7503
9045
4772
6238
2092
5140
9783
7580
5073
4378
3403
1656
6078
719
9239
5921
9034
7567
5935
8799
7996
3153
5556
956
2396
1095
3941
2584
5801
8553
3004
3766
6537
8228
7682
6386
4545
5473
1021
1544
5178
2507
4272
5940
2724
2695
1177
2615
6051
1436
613
5738
5943
8677
760
1137
1531
1633
7058
7897
3330
1302
1971
7209
2868
136
9155
3752
9134
7240
6199
8985
3962
9039
4979
3521
1528
499
633
5778
9808
7663
9171
1375
3833
3558
464
9414
8863
3062
7602
5717
1992
2422
3421
5071
4284
8845
7845
8035
8455
5309
5756
7093
4246
1558
9762
1186
3313
2562
1058
5993
9602
6291
5671
1539
3991
9955
3227
3224
120
9858
2205
4966
2451
6842
8530
6463
1064
773
5631
9954
748
1909
2544
1590
9362
5208
2699
5193
4753
3606
9247
9287
9539
5929
4373
1601
8423
2393
7436
8721
6002
4556
9911
4060
8113
2912
4380
1702
9734
3645
2978
8821
8928
9459
6982
7806
3396
1235
9904
1790
4925
598
7223
91
4606
8712
7212
6063
5405
7018
9610
8793
4328
1988
6396
2680
4532
4644
9963
9526
1381
7210
5587
7730
7799
2461
8247
8844
4697
8508
8312
374
7611
2162
2574
3097
623
8088
1138
6221
1936
4033
8029
1598
9104
458
3770
9486
4073
2569
9111
984
7666
6904
3389
5168
183
3561
5562
5196
6431
3525
2802
6705
4332
3538
8379
1264
1794
6888
5836
9261
7074
13
6710
4639
1402
346
2462
1514
7423
2211
9136
7231
5665
2728
5700
5861
3864
884
7014
3383
8832
2818
5566
9370
4555
6456
3005
1604
58
1300
3059
8859
9457
9547
440
3875
186
4336
1266
9388
1925
1660
9238
985
3811
988
5617
265
3892
4220
6571
4783
1228
5916
4904
1741
8625
2177
1797
1082
3630
7410
4107
3543
2039
5991
5238
6851
1356
7905
4050
3348
8441
4305
1554
9992
2517
3835
7742
9729
8384
4088
8801
2904
5157
3819
1613
6134
3738
8889
7695
228
7851
4496
7595
3868
1494
8717
8934
7089
2112
6832
753
4502
322
5321
30
36
7675
1519
6940
3664
7864
3426
6673
2063
7301
5763
7010
9973
3711
6645
9182
9144
3805
4836
1723
6156
6840
1509
986
7803
8330
9227
3614
2317
1081
8994
1181
955
90
6383
527
6620
4167
3181
5746
6570
2793
3444
9648
1386
2198
7907
3436
8952
9255
4213
5049
1578
6981
3496
3165
1912
5832
2721
2651
4371
126
2439
173
5013
4377
54
3423
6695
1373
4678
8273
3307
3149
3070
2366
3611
6240
1282
3142
2600
2843
4245
4127
2887
7784
5743
3682
8033
8616
3947
470
7303
7252
336
2105
7250
8667
1073
6587
9035
6963
8078
8538
7755
971
4675
5422
4945
4568
5635
2288
5467
7453
2794
9936
5109
6672
3734
1063
3911
7361
7355
3151
9935
8237
1777
8115
3454
8045
6117
5462
8785
8532
8473
4591
1899
7583
1385
4325
9447
6850
7934
454
9898
6106
7834
3597
7417
9528
9679
755
5958
3079
4093
9559
4299
1325
7866
6994
6912
312
1673
891
6226
2612
7886
5294
4779
6145
9732
5854
7396
2388
578
3185
4264
9367
6720
3449
8932
4550
4455
5872
6625
9269
3534
3984
5235
9914
1462
9492
7187
6367
169
2344
8023
8642
8991
8620
7967
4710
238
5054
3918
4357
1353
5898
6017
3124
1889
429
9909
1637
7382
4108
5951
5570
3257
3231
7266
647
9531
9812
7211
3870
6856
6151
853
5866
4561
1588
349
5492
1169
8544
2265
5248
6293
1820
4416
1627
5102
8886
6785
8374
2426
3202
198
9615
4764
4908
7643
9891
80
6980
7498
942
5595
5955
4959
4954
7715
4435
99
2851
282
5905
9521
2434
3039
1384
8571
4867
3218
8223
4232
829
7102
3017
2286
8180
8100
2815
7242
9597
7320
9208
3489
7534
1080
3473
7482
3378
5535
9442
9385
223
856
8316
6913
1049
139
1991
6924
3593
2525
1471
8466
5725
6211
2687
3048
7985
9956
7299
4103
9331
872
5399
1409
6305
6503
6667
1727
6905
6671
9091
7443
9511
5814
3343
6136
8927
6991
2919
5485
1445
7780
2684
6687
7982
4478
8066
2668
4353
5790
8523
5165
3998
8122
5099
3906
4784
9476
6026
5440
4789
5998
7839
6487
5425
7229
7006
4864
6306
2352
7337
4583
6402
5270
3778
5963
473
5716
9999
3533
5451
8475
4470
850
8149
5718
8769
9090
6403
1168
6377
3405
1044
6040
9326
5575
1557
7687
9263
6816
7613
8378
7776
3821
9246
2312
8784
7065
8527
6735
874
7406
4201
4597
6608
560
2588
3347
2852
1664
4676
2867
6470
7480
9694
3171
5980
9872
7615
6397
2239
3598
7629
6511
3554
1892
9833
3824
4598
7455
1945
1913
4241
1053
8989
442
7075
2175
5018
7107
1574
3406
5408
513
5395
6338
2152
8403
8513
7031
3277
4005
5390
4061
9118
2216
2008
3054
8974
6152
2241
7598
3600
3242
5136
3695
1303
7565
6662
4186
8255
5032
2436
7255
9112
8847
9875
1846
6937
215
7047
5295
2191
995
7743
2362
6931
7071
5043
1541
4193
7594
3815
6065
721
786
1737
4694
3793
6556
3547
925
1261
9510
8220
2796
5358
277
8293
8112
5330
1567
2390
4565
5553
9
7975
5338
3871
7026
4686
3429
8417
9109
5091
7783
6358
9490
1840
1374
957
4976
4348
9942
2779
5334
9055
251
3050
6651
6123
3166
1115
532
8922
7973
1719
3150
7657
4736
1085
6750
3546
9062
7346
8489
9368
5981
2902
1586
6244
1513
9943
5057
401
2108
4958
3244
909
5446
7180
2973
2650
7833
9054
9552
892
9623
5010
236
1881
6445
7901
3985
1836
6799
5990
7144
659
9078
6592
6960
2465
9548
5580
778
9397
246
184
4544
3564
6632
7136
5597
4960
6269
3937
5374
8627
1827
7179
4909
2888
1975
3783
5931
2748
8371
1859
8226
3523
9003
4825
4310
5474
2147
2214
1934
4847
7792
8230
7227
2045
131
1711
5463
1508
6814
9707
747
2965
3516
6541
7265
751
3693
8395
9700
2839
170
8857
912
2167
5254
6898
8053
7456
1520
4856
8448
4420
2280
6975
7511
7708
6255
9970
5376
6311
5355
6033
2679
5703
7778
6709
6517
288
1258
8447
6870
6639
2207
4650
4321
9345
4397
33
3485
2020
2320
5879
657
1126
1100
4454
6277
7393
3239
5033
8238
3
4588
3299
2116
6746
7956
4344
9354
612
804
6855
9864
6356
6048
8268
7388
5388
2754
7824
1545
1746
6885
2817
3009
2551
9752
4045
188
7689
2377
6935
1113
83
3206
4025
5695
6165
3836
7945
7710
7774
8491
1997
1352
2148
7253
7981
4037
4409
8096
5063
5249
8170
3081
3228
8761
7509
9899
8631
2181
2281
8539
6947
8993
426
3028
1705
5368
3782
1427
7535
8520
7676
9195
6946
9299
1457
3527
5750
2336
2988
4350
5347
2314
2481
9207
6316
8051
4510
8708
8404
573
6484
4706
8758
67
2714
1585
5605
8093
82
8679
6214
5783
6962
4963
485
5796
6074
5002
5445
2428
2789
5189
2674
7078
8836
3484
9093
8850
4827
1218
2225
941
4733
7781
2500
9033
6435
8364
4790
9617
403
2923
904
307
3678
3023
8526
9596
2262
1046
7802
2836
1344
6394
1870
6294
3036
8683
8777
5008
2924
1968
1784
1275
367
6450
7319
9675
2457
2906
6261
6655
8540
8514
3704
5493
3318
2736
528
4564
5062
5839
7356
974
9701
7850
1200
4808
618
6626
7902
5105
3011
2165
8168
2168
9763
6583
5439
4813
4946
1778
5286
1355
7373
5022
3851
9305
9186
903
6303
4816
5804
1301
8084
427
3990
6169
6371
7147
2827
2150
4128
306
1957
178
4765
9014
1245
7384
9248
8056
4031
9347
6433
6848
2876
6983
5402
297
2734
8204
1659
6868
4302
9110
179
4845
9259
8444
8694
6691
5370
3256
5547
5180
4253
1697
9665
7168
9670
7450
276
7306
4953
2897
5447
5232
7302
8388
8581
7184
3073
9376
2161
2583
1347
5034
9096
3726
2370
6068
3732
9257
1690
2471
7352
4857
4799
7696
7542
7702
8559
2814
7274
6102
2859
2250
8275
1316
3261
9150
2441
6901
2475
9567
7704
5346
6390
7688
572
9201
825
9516
1628
2194
1715
1060
6309
7263
2149
7587
1026
4117
7177
6022
4065
1040
5795
1900
9446
3971
9588
2022
2098
5291
7275
9787
3022
8393
8936
3350
723
4415
5448
8300
467
6300
4774
6228
3773
2384
9099
6610
4962
8782
5025
1143
9789
7086
3980
6676
5612
7618
8327
3305
2946
8281
6222
2054
459
851
1139
3827
3384
2413
4950
6210
5758
5067
5170
5290
9779
9051
9769
1144
3699
8805
2670
7012
8119
2357
8568
6400
8500
7989
1946
5182
9522
4727
2959
7220
5906
4148
7599
5396
3324
969
2491
7208
9689
4309
2080
1350
1478
8098
3753
1184
9953
4768
9667
6627
4974
3340
3674
919
8493
1608
3658
2038
1918
6320
5755
9637
3359
3136
2335
535
5513
32
980
6659
3197
7054
7520
6701
9632
6347
8413
3037
9550
7816
6253
1244
6727
8216
4334
8445
2745
8610
8292
6637
8629
1524
9897
5564
3156
9177
4980
8087
6439
6664
1674
8487
9006
5578
7712
8286
1802
7400
1686
9085
3884
331
4919
2244
1931
881
3446
1250
3292
8124
239
4229
5600
9283
7550
4513
5869
5654
646
6721
4382
9159
9460
813
2333
2398
6237
3677
7597
7234
8037
5792
3453
1963
7797
7494
4775
1291
3581
9577
3121
8101
5411
9724
9115
7297
4665
6451
6328
1205
4027
3308
5568
7460
3530
2932
9750
3712
250
8573
8745
2064
6482
9535
3119
6275
1532
5946
341
2264
6415
7927
2051
7372
409
1559
5781
5875
4947
6420
9061
5124
5919
3057
8428
9126
789
6906
2586
4745
4137
3341
8030
900
3578
8597
3015
1643
8377
6985
7129
7680
5378
3859
9840
7706
793
6966
3617
9562
7698
8016
1315
2860
1109
9251
8146
9351
6967
1395
8165
552
6853
9138
997
3631
7181
7243
8674
7647
823
8681
7873
6405
466
4906
5788
108
3243
2081
4237
1760
7891
1078
3696
8134
1793
5923
3755
129
1952
154
5222
810
6286
3761
3448
6490
9829
728
796
8470
7999
3182
4762
5508
9369
6580
3750
1157
20
9262
7103
4658
47
9231
981
6418
1851
521
585
8746
6006
6195
3101
7951
6998
4375
514
2274
7005
5559
3468
9674
6467
9218
5377
7800
5687
5709
1103
1610
3979
7818
5017
3900
7084
8791
950
2900
7852
7328
6119
1501
3409
1424
5261
4956
6609
9444
9676
1369
4204
1527
9314
645
3211
7963
2290
4168
9466
3430
9465
1926
2048
9673
681
4276
1602
7461
222
5335
9440
6743
4677
4967
7713
5833
7948
2782
4476
1555
6638
2170
7658
3078
5030
1804
1149
7495
1071
4530
619
5610
4184
836
438
4083
4406
3571
8666
9534
7244
8905
588
3938
8903
3274
4221
1754
8000
2285
7825
3663
9563
1333
9463
7858
4517
611
7070
333
8542
338
9198
9705
9482
3511
2057
3480
6686
835
3705
5307
8780
6249
1847
1420
4897
8931
4873
2690
5693
5982
6077
2348
7779
8885
1817
3563
4832
1823
9809
5606
9653
871
911
2325
2330
6875
7697
9178
227
5272
1776
9210
5828
1540
7105
9452
7620
5431
5216
3019
5308
3717
3500
1521
2922
3316
2487
9487
9409
5572
2798
5633
967
875
3229
9883
6161
8241
3034
1318
3788
5614
5419
7132
5736
5941
7039
151
1320
8914
2005
6707
951
5004
5435
1842
6343
5337
6658
8152
2995
8671
4430
7631
6754
7863
8528
4001
4447
3393
1136
6938
9092
6324
2659
9678
5087
1435
4156
9401
4951
866
8887
4766
5579
4992
1037
7809
8042
9777
7924
8264
3781
9151
9298
1254
7422
9493
1950
273
3744
5416
5591
5113
163
9600
1787
9957
9523
761
654
1876
964
7922
6878
5515
3143
7990
7869
5978
65
6067
6395
1223
7966
1233
9578
3602
10
2553
4493
6837
5177
7109
5604
4618
1505
5449
668
6322
4567
8416
7775
137
1995
7953
5798
901
6523
6461
9738
3040
1272
9725
9427
1308
7641
217
6683
5120
729
7351
1070
332
3512
4122
3613
3632
5847
9555
2568
7471
4844
2337
8982
2012
3565
8852
4343
9933
7261
8162
2468
9450
8348
5138
1617
8751
1701
8418
9802
597
9429
357
406
4901
7943
103
9813
3322
2414
5686
2969
2717
5174
7909
292
1902
3297
936
5557
842
6446
2813
9847
2042
21
6866
2738
6552
7844
9395
5131
8591
9573
1607
8450
929
4268
2630
5615
2885
3809
9836
201
9643
2865
9825
9557
3672
3757
8691
916
1458
3531
2750
3189
889
8959
4887
9710
3616
1592
9540
4653
281
2078
7088
3959
5183
2099
2552
4907
7931
9743
96
2531
4269
7162
7149
2138
8811
3714
5777
3463
2892
831
6765
8154
4575
4021
241
8521
1229
3895
7807
2310
524
3582
7314
9052
1999
3052
4252
4165
6336
9923
2509
8689
2741
3474
3208
5304
3465
580
2508
6565
1966
3007
5975
8675
4643
3311
6365
6079
6321
2896
489
1606
4401
7077
9739
4495
589
4231
8206
2172
7300
7370
1407
3899
9323
5827
4651
4880
6615
4714
6514
8375
4920
9254
4315
1413
7921
9902
3251
6644
9874
5954
6597
9304
3217
8406
5824
5944
3161
689
5322
2570
2816
9183
9684
8211
296
8753
2486
2418
3379
1284
4294
2811
76
5262
5529
2759
8157
6438
3787
3502
8243
9327
8256
4757
2737
7067
3095
3796
5876
7635
6465
1906
205
3764
5967
9893
7571
9143
2199
350
1818
6412
8760
5649
5361
7257
7752
206
1814
3445
8265
2895
2548
8796
2671
5414
4461
8126
4171
4669
9266
8731
8969
9333
9797
8034
3609
5420
7577
777
7630
913
6551
713
9413
2291
9372
8504
7173
4481
5317
4261
2962
1854
3499
481
9876
3320
434
3439
8980
1979
697
411
640
6342
9778
715
977
8779
387
7899
4279
5009
5859
1803
9877
6737
1050
4949
3675
3450
2606
8898
2979
6540
8897
4361
4311
3452
4724
8213
7610
2649
7485
8390
5728
4638
2007
1215
1880
3380
7690
4833
9828
2321
2392
4158
8435
1047
9163
4498
2442
6742
9373
4793
4900
4760
8501
2197
3457
6414
5301
8965
4982
3170
6908
3622
5636
7569
3154
9717
1597
3493
9202
8321
319
9438
2040
1334
7753
4121
7076
8653
3930
6661
422
2624
2914
7563
6617
1920
6809
3776
8376
6334
4281
8664
7283
3771
4499
396
6849
7114
862
1366
2864
6408
3392
8612
9846
6505
2213
4475
5899
8992
2749
9918
4136
2136
3233
7391
9311
8176
7481
1379
9842
5521
4719
7609
5111
8346
4584
9751
3128
4507
9154
7353
7484
7964
8060
8309
7037
3339
6719
6660
899
3464
845
2010
9339
6751
6030
7148
8536
5745
7316
4554
9047
4308
6104
5765
5287
1938
5181
7350
1964
2397
9629
4662
8771
3505
4913
6388
492
7120
1069
3519
8750
8332
8602
4987
7042
5464
6694
4978
4254
6270
2689
320
6634
5567
2450
6094
6678
9256
9252
9017
4271
309
5969
5198
7906
2417
5323
286
6679
5834
8646
5901
806
8816
5985
49
2787
7119
3994
674
9658
2918
9958
8399
9117
196
8783
6449
4467
4988
6726
1704
7113
8415
2983
2925
8039
2493
8930
5230
7592
581
2334
6257
5656
8575
9480
6364
2309
9859
8229
4921
7890
8797
4010
8524
8706
7343
807
7023
7723
8252
2739
3108
8397
2158
4026
7476
639
8474
543
1668
8257
45
2405
6933
2834
606
4786
961
6217
3419
8065
724
8680
2185
5407
5482
3651
5461
5465
5856
146
8795
9533
1615
3646
5525
8617
3443
9020
4072
150
4323
6113
8205
9946
5298
9308
1056
4633
1346
9554
4996
9058
2592
4306
5135
5826
9022
3508
694
7347
968
5385
6896
9747
6518
5133
6183
7586
1837
9384
774
4834
3725
488
8132
6531
886
8569
5305
8826
7679
9212
2716
5487
8960
3878
8726
1142
73
1364
22
6059
7749
2774
2222
9315
8749
731
4162
3806
9598
9630
4367
8810
7493
3933
706
4730
6457
962
2949
6910
2775
9950
9995
4079
9005
1292
4196
3746
4436
3438
1700
402
3424
4159
2453
507
2522
6162
1965
1035
8837
742
8426
5974
9421
7670
537
4445
56
6066
3053
4300
3400
3634
2765
9079
5234
9755
8601
8593
2727
3515
8643
1421
1155
9527
8190
8790
8007
9651
5152
5306
3973
7624
7685
7009
2059
1323
5920
808
7746
4449
3265
1492
8684
1371
1076
1023
2755
1319
2433
8636
2572
6613
1536
1024
7660
6929
4525
3840
4610
2109
51
536
1547
4251
153
1162
6684
490
4642
3072
5873
656
1805
9004
555
7516
4812
1362
7040
7564
308
999
3574
5015
5680
9458
6656
243
2803
8446
7519
2163
745
9871
1941
7538
5520
5281
8387
4791
8373
7241
3877
2300
1225
4698
9984
8512
4863
1010
5829
4994
2555
7925
2327
3749
5438
9391
4032
2770
5540
5816
4483
6378
5608
8502
8090
69
2768
1734
2118
2940
3120
4538
672
4699
6476
3399
6630
3715
8867
263
6528
522
2704
5444
6984
1894
8696
2758
9405
2275
4433
4419
2399
6131
6430
9854
2702
7091
1799
6971
9080
4363
6351
2675
2725
2996
5569
5701
7140
1731
7876
48
2945
906
359
7959
5770
3901
1451
1496
1151
673
3718
88
6460
7628
9443
4330
7007
8001
8233
3968
7523
5300
3013
6441
8834
9320
949
9233
990
8005
4439
1312
3460
8442
1166
2358
6646
9050
3514
8946
7073
8598
4038
3706
2447
1908
3086
118
7326
8624
7126
4368
8663
6000
95
641
5732
1295
7656
3310
8741
2828
6075
5989
5721
3748
141
390
3842
7754
5740
8438
6666
8713
5246
9037
3413
8728
5659
8179
2792
3544
9661
8632
1914
4266
8962
6604
9049
7677
5675
4230
8789
5060
7427
9584
8736
3249
9726
8333
8314
9481
5643
176
8925
9967
7121
6535
337
3831
7331
7828
456
9046
181
3966
2916
2957
9952
4942
8350
7
5779
8095
7354
5498
5466
2021
9542
5129
5764
9031
9012
2257
2395
8381
3365
1499
5759
5404
5767
3186
4077
1858
9677
4841
1773
9477
4067
2889
5282
6955
6894
4726
5400
8877
9488
6767
7442
9545
1296
2127
7766
4917
6081
3471
7919
2537
5708
867
4339
9839
3803
6813
9324
6636
5696
4275
3522
2032
8251
9938
4876
7083
9816
8564
6907
4886
9663
8940
9152
6354
8737
1404
4615
6155
4713
8062
905
7277
3159
6308
9646
6715
2025
9348
574
3792
9582
7286
5611
6332
6055
7566
9979
3710
4289
208
1595
8757
8137
3286
6641
9292
924
4526
7782
4331
1422
8584
3772
6826
9453
4814
2997
7192
2715
7033
3126
3278
7536
5172
4053
6872
6920
3588
1671
8846
6800
678
3237
3723
1648
5379
8865
7008
8948
2857
531
6560
5223
1726
7912
1915
1470
7441
3133
9360
7856
7335
1951
7028
7200
686
235
5460
4596
9167
9969
1677
1646
2614
144
9032
1132
5762
3751
5996
4280
8588
7822
8453
3955
9607
4523
5950
6755
2884
2847
9377
5526
6623
2030
935
7153
8158
3194
5005
1191
9512
4787
8130
2391
4549
785
2840
7705
5403
6003
2019
873
1248
8464
1372
5973
6665
2349
3455
8306
7278
5061
7379
5930
9579
4006
3568
6516
6917
6168
321
7000
952
2372
2476
8354
2228
4645
7570
9959
1687
8392
9230
6404
8697
652
4190
242
7528
3905
7164
2846
3131
2647
970
7032
4664
1903
1640
2710
3047
4630
1197
852
3353
1654
3917
3729
1764
3967
8021
5983
7997
5576
1304
5059
3270
5079
3952
972
5986
2154
8185
7669
6339
1154
5913
6795
7189
4071
1425
3382
9878
5892
7135
7939
1241
3323
632
2753
9681
5583
8108
7600
3157
8818
3636
8829
5166
6717
2110
2047
9731
7438
1525
9475
4434
7840
1102
8543
463
135
8535
7557
3975
285
6590
3122
8613
8563
1433
6478
2094
2823
7258
7111
7358
7467
4806
2077
8794
4543
7831
7059
9209
2807
2444
3458
5220
8656
4716
590
9810
7426
9296
9574
5426
7621
9837
7960
802
6474
125
7662
5383
7381
2575
5979
505
2454
5251
9656
9569
6153
4370
9072
2187
3857
7317
7911
9507
5744
9834
7106
2636
2248
4098
7744
4796
4512
2921
2627
6376
1783
9244
4182
6086
5799
303
6459
6266
965
4506
3336
1772
4267
4169
8547
1307
5555
7726
4700
1962
3999
339
1135
3669
6903
5077
172
548
7823
9086
2872
3093
3309
9158
5722
3879
7770
6508
6654
2117
5902
1022
4472
1749
9868
4572
3357
9279
6559
7747
317
7859
6927
8483
2420
5773
2989
3586
3722
4838
8695
8225
4440
9330
6957
6724
1426
371
4868
180
1943
8516
2338
1032
1663
9852
4870
9998
6466
9595
1283
6494
3235
102
4661
1518
2875
5160
3569
738
7125
8041
3873
1710
7737
3088
5818
9930
1091
2229
4751
9997
3996
9478
1736
6307
635
7937
255
5596
6584
4314
3942
5880
8200
1028
2822
5669
4062
4091
5233
3537
6182
7472
4277
9895
3147
6942
3033
3076
1061
264
7716
8303
8011
8893
8953
7159
2637
7575
2084
140
2619
583
5384
9863
7500
5903
4155
8365
4557
9708
1984
5173
5486
568
3001
2263
1104
5897
3051
7349
366
3627
4648
8085
9553
9294
7271
6500
8958
797
6229
9835
57
4068
7518
7619
2353
563
9758
987
2394
4509
7655
345
3123
9556
894
9011
8138
734
9484
4056
7883
975
8662
7127
2231
1961
4551
5672
9357
2596
7011
6263
7409
8861
8719
1537
9985
5577
3923
8260
4798
3293
1005
9639
8511
450
9059
2723
7463
4327
4160
1185
3058
4035
6874
7185
5421
3601
5850
4147
688
3742
4608
9764
1431
7995
9814
3736
9015
2178
7949
2853
5962
6148
3461
2360
5484
5186
3106
4723
1534
3814
5372
7805
9756
5284
7183
1713
4074
4882
3179
3306
6543
5114
3716
6061
3545
7206
7667
8630
7055
5532
2026
2785
2058
209
3844
9687
8592
7790
858
385
8699
7841
591
3172
2663
7385
4146
5670
6442
37
3352
8872
3612
461
8199
2550
5586
8879
4206
558
2340
159
2956
790
4164
8599
3853
855
4092
1511
2881
7830
5911
5623
6194
4985
2036
7428
2756
5937
1569
460
7221
3789
352
2994
1099
4916
9371
1937
4209
5159
3152
5840
6110
7167
8305
8020
8908
509
9097
6524
9491
7578
145
9180
404
4304
4150
326
4214
260
6787
7201
6498
8315
1571
1340
2611
4524
1212
6379
8774
5698
8145
2017
3542
195
7459
2273
4227
7387
1243
3721
2642
6600
7684
1630
2713
9721
8817
5336
2730
9644
7117
9618
1203
2861
4149
556
8103
2034
1289
9628
8878
9785
8189
8651
5167
4443
8954
6114
7808
5064
5225
594
4145
5122
9742
2245
9506
9066
7060
9590
9417
2696
7487
342
4809
8856
1110
870
2230
865
6579
5035
4015
3838
9519
6643
8058
1121
3642
8729
6044
9775
2031
4957
1171
7748
1566
9845
2206
2068
549
8008
587
1098
6496
9139
3362
4244
2800
1114
6009
7671
1921
6925
8776
6124
7419
2283
5509
1459
625
5047
1368
6091
7425
8904
3414
783
9888
2203
1342
4151
2133
3180
6782
6997
9495
6235
8427
107
2837
335
9048
3328
4893
2970
5476
3881
1232
1219
4317
428
4536
6187
8479
4944
8461
8626
8046
117
1546
5217
4123
9655
2455
8605
1786
9740
4986
1993
5046
8659
5276
9730
1549
394
5366
14
5933
5353
8302
5427
4118
3922
9669
5775
6499
4154
8036
4138
2488
8163
8582
2218
5528
3974
84
3956
6373
4486
40
7793
1410
4715
1105
8266
6810
4890
6973
9575
1454
6179
1036
1874
5915
703
4600
3816
3288
5051
4366
384
2100
7488
9518
7282
6486
3135
2831
7368
1669
2075
6862
6798
7916
2808
1482
2060
1581
193
676
914
1645
9786
4400
8876
5970
7288
7788
1605
7203
2202
4295
518
383
9469
3138
1084
3686
9375
788
1890
5889
244
1785
1744
4
3427
1510
7632
8498
1423
7048
4679
4282
7100
6598
4240
6857
9044
5812
249
7364
6421
9221
6037
6771
497
9603
1622
2363
4106
5179
7885
6313
9565
5201
7226
3957
3945
6301
7342
1849
2070
6561
1288
5599
6170
5389
3976
3145
6650
7108
4036
1684
8763
4728
1453
4822
7584
2933
5197
1922
628
1815
4402
7870
6097
2911
2276
9749
3552
9844
8634
1974
5367
6690
5468
431
3841
5038
2217
4278
128
5001
5413
2254
5263
637
4537
8166
9865
1041
2735
3509
9419
604
8015
2604
794
2516
638
3573
2958
3213
5409
9494
7895
3982
4614
4991
7572
775
7796
6950
314
6911
4663
9060
8380
6953
9768
5863
7334
8335
1148
7405
1382
3666
8385
3264
8250
7639
9295
4831
3029
3730
1698
8743
8121
2835
4222
2278
6416
1027
9514
7204
2883
9153
5187
2044
4842
798
8609
6566
4910
3834
5285
5645
5169
2870
8013
1175
8988
8685
557
4769
2797
9774
2374
9301
5082
8073
1415
2662
5081
7625
3740
8071
2556
7141
5699
3671
5797
7952
5266
3679
3624
2838
4852
4351
3913
7380
4794
9141
3820
5373
1638
7474
8496
9121
8590
6864
5406
8833
5864
9016
6013
960
4039
7333
9408
4152
6863
2237
8916
9981
3553
9691
1429
1666
9807
5348
6220
8917
7694
8439
8492
9352
1696
3572
5787
6076
3349
5957
1129
3747
2085
8518
2301
4468
6319
1361
669
8645
3629
2513
5453
6777
397
4636
8549
2871
9392
9988
545
2938
2272
1358
4413
165
953
1596
9728
5705
6372
4104
293
1825
2780
1699
3494
9205
6497
3259
7408
3481
8827
6387
5668
6191
3327
7617
2790
1213
4807
8798
2499
289
354
8110
4539
1263
9038
2151
4471
8786
9214
469
5757
8892
5243
3279
3173
9077
1811
4002
8287
5646
7668
9278
9815
7272
4076
8808
5571
8459
443
7917
4717
4905
4424
4448
9309
6285
4345
4398
2406
6160
6295
2183
9906
6562
1523
5176
9190
6116
2683
3894
5206
62
1287
3765
100
4961
2024
8031
5288
7122
8968
6555
6611
1775
1580
4096
8227
2423
696
768
2035
4099
5103
8322
3187
7812
3434
515
8654
780
7849
895
547
5068
2124
6728
2907
4805
5314
5932
3887
3491
878
8389
3169
9517
6712
3863
6283
7041
3830
733
7146
9601
8977
81
5592
6698
7904
4126
5313
2186
8830
9310
5011
7512
7978
4718
2565
7448
4480
7940
8368
8224
5972
4759
5971
7166
5748
3665
7649
168
2029
1689
7063
2195
1002
7735
1224
370
6796
6680
1377
2705
372
9302
2954
8231
7238
7590
9462
2707
5548
9771
1565
4800
2638
1153
6978
6992
1465
9606
1189
3650
5259
7415
5961
7224
8855
7741
8221
8430
5434
6178
9593
1882
2635
7991
6987
7521
602
9502
5342
5267
412
9735
2943
7731
4469
4292
9070
4359
1526
3590
1412
2913
8566
820
8888
4622
9896
2188
7165
677
7395
3919
8068
1996
5551
7576
4458
9843
1335
3845
8499
6329
9435
9067
4837
3300
7218
9265
9791
5609
2106
7327
8044
7623
9307
4335
860
4515
9449
5952
5867
2625
161
7757
6288
7421
4376
5055
3548
922
8998
2536
6407
998
3381
6959
1400
2688
5107
4390
8990
5155
6193
1644
1795
7292
4634
9353
2711
8070
3860
8363
8193
6753
4750
2212
3837
1257
9908
6532
4250
6200
6028
85
9818
6489
4175
2899
2364
1503
2452
6174
5782
4412
3205
6631
7452
6734
3351
6817
9237
3087
8704
1774
1
8682
9132
373
4690
595
2176
360
1376
701
910
2608
6844
2079
6890
907
3826
938
9811
1517
1743
2369
1990
4576
1039
3656
9108
7683
340
8585
9712
8665
5593
9241
6839
6020
4891
7875
3638
8086
6090
3633
6045
1428
7513
389
2270
7483
3335
106
4329
1845
5415
2826
3925
8915
8480
9173
3176
7003
8061
298
7038
1127
8660
1972
3354
7819
7133
259
446
6233
1483
2654
7750
1884
9910
447
5349
6876
2503
8913
5780
2232
1448
7555
1124
86
8635
410
7235
4135
4685
1066
9197
9587
1872
2315
8144
3361
7678
8105
5648
148
7732
9322
2778
6366
2440
8490
6027
7160
3462
9964
7104
658
1568
5642
6999
1293
9931
6205
3866
3862
2260
586
5664
2429
4785
627
1682
111
8495
1163
6879
1679
7092
7296
5080
7178
4465
582
4581
2494
7024
9703
1850
2102
1657
6928
2324
475
6112
4070
4990
3272
1196
7276
2955
7429
8486
3577
1838
5653
3241
1068
5247
2963
7648
8979
7002
6241
4177
8407
1533
8164
8212
1079
2981
698
6057
4848
4965
7760
4563
3476
3625
2129
1195
6635
2609
8369
4738
9838
3026
6930
3065
8318
9379
3954
1227
6974
6098
6287
6549
3174
3794
8133
4688
4566
1661
9162
7308
6462
6752
2463
708
3346
6380
278
7124
2830
7044
5855
7815
6733
2850
5098
2893
1338
685
8497
2201
7517
9680
8868
9129
1206
8900
299
2469
9021
9926
87
5574
8050
1695
1450
6756
9784
8331
230
5227
5053
2182
1365
976
3724
9412
8481
7310
2009
4029
8072
6087
1706
8765
2097
1251
5871
1158
9513
187
3006
2379
5900
1048
3754
9652
3626
6558
6325
9425
283
8911
5455
8970
25
7401
6422
3684
7095
6236
5470
5706
8754
7486
441
6607
4773
8359
8155
3420
1240
8956
9561
8984
9754
4340
5457
7881
7079
6146
4707
6007
832
232
6886
6491
5191
2953
3294
795
4014
9213
2307
8064
6781
4741
9025
5545
6522
7724
9123
843
622
2389
8040
8792
7659
6064
4301
2658
3402
9706
4393
5244
7340
8560
4358
8361
2700
9804
1662
1740
4396
7457
2497
1150
1294
6043
6714
7614
7392
115
9240
2419
4457
218
8106
2233
6619
9592
3060
7034
739
6977
5042
8420
8747
2062
3146
7813
3162
9423
8319
9626
9027
8851
9960
2804
9024
8311
8208
6100
5070
6216
8727
1211
6797
430
4109
6485
185
1278
2200
5914
2120
6164
7894
2243
225
7941
1577
2306
3621
9715
6436
2294
5292
9378
471
2296
9277
4255
7711
8177
614
665
2617
7559
1779
6341
7175
8127
4385
2332
2665
3246
1441
2033
5430
1869
839
5436
2006
9268
3779
4372
419
7664
4462
5382
534
4013
5029
2558
8010
9140
1916
3618
4188
5774
8116
939
651
4046
2365
6990
8561
4997
1651
8804
6111
147
9503
4542
8025
6703
2056
1747
8768
523
1750
8503
8328
4404
6150
7673
9672
4993
2505
8484
4199
4646
5207
5683
830
6265
1017
8107
8188
7720
9650
5398
3587
6502
6163
7691
8835
5546
2720
6831
4233
2090
9666
3902
9258
7892
7260
4101
9856
6186
3795
1910
5815
9441
8858
1504
4191
7154
2114
8891
655
9920
6972
4100
551
1242
2126
6096
2318
3329
2190
3960
6472
1198
4519
8505
4379
498
6469
2869
6944
6448
8014
8552
3044
4877
7280
3786
9219
7366
8978
772
1131
9318
3896
7251
8716
2066
4621
6738
5454
6836
3071
2153
4704
4141
8596
5214
269
2065
3807
6234
2967
9748
7767
4516
7367
6599
2511
162
8248
116
2999
8454
8639
5518
3289
9290
4739
5928
2602
1655
3315
97
9642
3647
3091
6847
2251
2196
9041
7596
5960
815
8781
3691
5149
5056
6869
9064
9635
1401
5023
9500
6860
2901
3707
7627
1285
3112
3258
6954
5918
7976
2287
9249
375
1742
8028
6895
5945
3969
1535
2282
2854
9468
7857
7988
8150
2832
9994
9306
6572
4437
993
1363
3290
7761
3134
2824
8494
9986
6493
8458
3130
2801
2359
1116
6889
4043
9788
9921
71
3164
6215
5849
3104
4624
7699
2055
5240
7489
5694
9130
991
8918
4479
4594
2545
8301
9585
3912
7470
6525
3332
3660
9069
9473
9524
4850
4652
5632
5289
9341
5845
4247
93
1866
7893
9989
7573
7289
7515
501
5156
2530
516
9274
8347
9889
4892
5154
5381
4968
7248
4042
8981
667
4826
704
8038
4485
2863
8161
3709
3592
3252
4755
8890
3160
504
5312
7051
5003
7230
2848
2103
8692
2858
3556
8738
8972
2247
1466
334
5895
4195
2783
7501
816
1222
3535
1351
8995
92
5752
1380
8619
3084
7821
1249
6458
5394
2400
3219
9088
2014
9432
6988
2960
5917
2467
6140
5108
3963
8019
4725
5442
6330
7645
2523
1210
6247
6082
9881
2404
9505
2806
6384
1317
7432
3745
4446
6245
6019
6716
9558
7882
4291
1182
171
2043
4922
7846
4843
3487
711
6483
9944
7025
1398
9820
7674
2985
2697
5558
1641
8400
3069
3477
4173
989
9866
9101
9971
1620
1479
1728
8358
7294
8094
1994
6793
9978
4888
1476
931
854
554
7900
726
3595
327
3212
2762
9688
268
2579
4242
6297
5684
4444
2546
7130
9316
9194
5325
1090
3490
838
958
4840
7714
5260
3024
4731
2788
4003
8074
7016
1516
2305
6808
4948
2874
6166
821
7407
5563
4432
7195
6892
5786
2166
9288
1985
5331
5275
3567
9586
6965
7468
4828
3298
2474
8819
1461
4934
7015
1816
399
4477
5531
7116
8823
6582
5702
9520
8187
7709
1345
7961
8875
2140
2926
7640
5501
113
8263
4423
1576
2515
4573
2631
5236
8140
3027
8307
6794
811
9300
2744
2560
3276
1327
133
9224
9445
7478
6001
1416
142
8477
6510
5037
2460
4752
8097
7403
5512
7413
7128
3232
4360
9890
2991
4940
2501
9402
3364
35
834
8352
7810
6697
5278
2752
166
1960
4352
8734
9199
4263
2293
8172
3184
5704
7745
8902
5534
8283
7993
4846
1864
6574
2657
9620
7188
8462
9614
1618
1117
7786
323
6618
4410
8896
1477
9657
5036
1538
707
5345
8067
3319
4210
8864
5252
8678
5190
8574
5733
4105
691
28
7848
112
2189
3275
9824
2431
9709
4405
2220
2132
945
5302
3641
5742
9900
6185
596
7439
7853
6772
1852
621
6137
8075
2381
457
695
510
325
1396
7636
1188
2013
1589
3856
8198
6774
1857
318
7035
4086
600
5995
2891
4637
5083
9325
3580
3733
8136
4044
6764
8408
2524
2378
1159
4012
1582
9216
9328
5204
6060
2496
4011
1178
8572
6272
1969
5820
4133
4943
2209
3295
4656
2821
8370
363
2424
9393
5691
5052
3089
8217
5927
6224
1600
7138
9928
4069
382
1043
5044
5429
8089
2968
5805
1474
3570
2356
313
3280
8871
3790
3045
6005
4129
3401
6029
7420
4673
4403
809
5660
5324
533
6713
2157
5499
6669
5253
9671
8254
4004
1360
1059
1792
7081
2709
5560
2990
1391
8515
9253
3619
917
2639
9461
2011
6948
7970
5
2879
9394
3683
564
6101
2268
6492
6805
9107
2781
539
8862
5907
1156
3648
4743
2082
2677
3550
3915
5344
3737
8614
6670
3951
6825
5581
11
9147
4452
814
1891
4020
2155
592
15
6835
9222
2259
4607
897
8326
2791
3031
1636
6428
1735
7216
2208
6812
7254
5884
8443
9951
7217
1106
3728
7593
3451
4854
8720
4341
7404
2597
725
6417
2354
7958
6677
6180
9941
757
529
8261
8336
8047
5144
6046
9697
2345
1464
8079
491
5088
8926
4313
876
5837
4494
2833
8076
4392
5106
4810
5638
8507
3337
4647
3692
5817
6648
2992
4625
5726
4964
2626
663
9695
893
3585
2655
2134
3972
4859
9537
4059
8722
9927
7608
4081
1207
7527
9149
7860
6718
8434
7933
7725
6260
4395
425
8182
5250
1732
6530
4627
3010
8429
9832
7814
2049
5784
5543
610
9343
4580
2253
1860
7163
8693
5212
744
2935
7397
2435
7703
4540
1819
4388
7205
4970
1016
6256
200
9887
5588
2376
5433
8519
2412
8822
2339
3077
2249
7021
827
9387
7787
8289
2841
9782
9349
1625
6744
3804
4381
5357
4885
2119
9560
4758
791
944
46
4017
6083
2576
826
1247
5666
3109
8394
1553
7727
8290
1397
2722
61
9746
1446
1274
6143
1489
2542
3255
7099
9803
4265
1314
6369
2547
1475
1473
5926
8411
7642
280
3916
2676
4938
9504
7526
1593
3983
2976
2521
8633
3694
6575
5084
716
5541
6564
3872
9436
9057
9175
5785
5891
8118
6072
6047
2661
1667
114
6440
3094
2046
5343
4384
9966
1259
6310
5341
3517
9580
6674
4899
5625
764
8971
6141
6823
8128
3813
4969
4236
4898
5075
7616
8669
978
7525
2535
7232
682
1883
6854
4172
3090
9546
5069
9028
6054
8839
9947
6951
693
8702
6389
8964
7434
7291
4811
5014
2313
6004
7558
2015
9036
234
2590
1563
9821
1120
6276
8517
3528
7307
6603
9334
3965
3114
2027
4599
6015
3046
6789
7118
4616
7842
5016
7926
4902
2877
5524
2284
5392
6585
631
2323
2495
8325
8284
1009
1594
6
4660
4894
6349
2613
7651
3529
1780
9525
6773
4830
7267
4939
2656
2633
8267
445
6614
5479
9242
3488
2947
4911
9796
3997
9068
9365
8899
8658
7524
6348
6118
9114
4617
9939
5496
6488
1796
700
19
7622
6629
2470
8628
2171
9336
1548
2764
3920
5710
8884
758
9187
6822
9127
717
1573
4319
9668
5318
4518
4883
6171
6423
6132
8809
822
177
7837
9223
877
4712
519
8077
3021
7634
1273
7541
7588
9509
8762
930
1587
4681
7605
4094
4761
4320
4456
365
5229
3829
8457
3575
7228
8099
9862
1231
4587
2929
7718
1093
8195
2385
5626
2142
9882
6550
1020
4497
8202
1650
9142
8460
78
5184
7182
483
3367
256
8355
8366
7143
2757
7139
1305
8203
8938
6471
9081
6477
1694
1824
7798
9074
8467
6120
5340
5048
2224
3929
6206
199
3702
3345
5110
4692
6298
6360
6536
5810
5830
9312
4815
880
8950
6821
4655
304
959
8947
4672
7795
6708
68
3196
9332
4562
6095
792
9633
2235
662
2478
191
6846
495
4487
7554
6711
2144
8987
5364
9870
1955
4571
462
6370
8141
8764
2050
6956
6554
5948
6184
2554
8707
8054
1905
8143
5661
2113
1632
465
6501
4788
6922
1981
1164
414
7502
9917
9364
3698
448
9145
7087
2073
3992
5237
2559
3943
3939
1357
7644
6025
7214
3566
1118
9176
6792
5257
2238
9604
8509
7539
6520
5510
6897
4338
6729
6833
5200
9929
5976
3497
8242
6016
5739
2610
6382
6506
376
3948
4975
2944
31
8324
675
4541
272
5747
5192
8111
7389
5147
7061
1738
5127
351
9761
1134
2351
2589
5673
5894
4691
1798
4179
1877
3520
9065
6157
8901
6021
2141
121
7323
6807
5925
4776
8372
3810
1626
1766
6749
6335
1187
5651
7325
8232
782
6784
1976
2143
3417
7169
928
8402
3408
9905
7887
5552
7318
921
8996
4695
7110
4418
9937
4631
9770
3603
5090
5730
601
5503
6803
5802
8274
8171
3375
4139
1748
7751
7378
9083
3703
6267
5594
1733
3198
2880
5351
436
3269
9008
8939
1959
885
9297
5041
8912
1449
9124
8714
4114
9987
6601
1388
2873
2767
3204
4223
6757
3784
9830
5994
5939
4024
3596
420
3043
5195
1752
525
1204
1001
4972
2982
6475
160
4500
9599
841
8534
3437
9098
4682
5964
787
9851
9489
1989
8735
4166
8253
4383
7962
9285
213
5028
8239
4674
7562
2580
17
6391
2909
6481
526
452
3334
5488
4923
377
7402
8349
6681
7556
6225
7329
4763
2718
468
4680
7507
9772
8802
2000
8589
5012
6788
8342
8052
4620
5622
779
7530
9293
550
9398
5719
6038
1861
1029
18
5977
5339
1757
7650
7157
3883
3041
3092
2069
3667
5507
3178
3216
4238
730
1801
8533
2180
8313
42
9965
2504
1954
8883
4257
8424
9827
8910
1192
5842
3978
2942
2438
4429
8711
5352
503
2204
4578
1326
2003
6299
7987
2819
8048
6088
6776
4737
4464
4008
4973
8576
6258
7336
1403
2448
1393
7533
4520
7085
7888
1867
4875
5146
3657
2984
2809
8705
5768
2355
714
7607
6830
1781
2041
2269
5711
6392
9659
7284
6176
8806
6464
2326
2303
7801
378
3472
7653
219
4085
6883
4851
9613
2104
6758
7862
540
6588
4632
2156
9819
9720
8259
5667
5690
7506
6262
9381
1688
8433
4215
1271
6133
4915
3953
868
1822
2582
7115
75
7832
203
3201
5481
7477
6591
64
5130
8026
7811
7496
4579
1681
7992
9424
7213
8732
2856
4208
7944
4559
2934
5807
559
9007
9018
66
9853
1269
7056
8057
5831
7435
182
9168
9841
358
8787
5878
1583
3909
3314
6302
233
616
3524
1844
511
1214
8788
8412
6239
3958
9850
5851
799
690
5679
2479
9704
2173
3977
8778
6251
7868
4131
7552
8135
2271
6411
1077
4884
4421
3020
5554
7194
433
8715
5741
3435
3191
266
7522
8017
444
567
2795
486
9719
9389
9713
2087
7913
9795
4553
5475
3495
8356
3103
8117
1054
3890
9765
8831
3014
9270
3410
932
7633
5210
4668
7097
9682
5938
8043
1414
3467
7986
6745
6201
5119
4239
4080
2023
8740
1493
5589
8942
9284
9200
9400
7914
5268
6867
4192
9418
8803
4503
3676
3386
3360
7219
4603
937
5215
3768
8594
134
3371
8410
2169
1122
5896
3203
60
5888
3391
4387
6818
7954
4941
2101
1013
1234
7889
7046
6252
743
6355
1467
9321
7771
2652
4120
7447
2298
5590
8854
2952
3466
1639
4924
224
3549
1389
8554
9232
3589
4721
3035
2539
7305
2322
6209
6545
5380
6375
712
6657
5273
9281
8842
2256
7719
7908
3407
1417
8032
2998
3865
7198
2729
1758
7672
8755
6248
1268
9082
1977
1722
105
8006
1170
7196
7285
8215
1092
